cnt,pos,speed,DTorque,DAC,STorque,Force
0,-0.0017,-0.0061,0,0,0,0
1,-0.0017,-0.0061,0,0,0,0
2,-0.0017,-0.003,0,0,0,0
3,-0.0017,-0.003,0,0,0,0
4,-0.0017,-0.003,0,0,0,0
5,-0.0017,0,0,0,0,0
6,-0.0017,0,0,0,0,0
7,-0.0017,-0.0061,0,0,0,0
8,-0.0017,0.0061,0,0,0,0
9,-0.0017,0.003,0,0,0,0
10,-0.0017,-0.003,0,0,0,0
11,-0.0017,0,0,0,0,0
12,-0.0017,-0.003,0,0,0,0
13,-0.0017,-0.003,0,0,0,0
14,-0.0017,0.003,0,0,0,0
15,-0.0017,-0.003,0,0,0,0
16,-0.0017,0.003,0,0,0,0
17,-0.0017,-0.003,0,0,0,0
18,-0.0017,0,0,0,0,0
19,-0.0017,-0.0061,0,0,0,0
20,-0.0017,0.003,0,0,0,0
21,-0.0017,-0.003,0,0,0,0
22,-0.0017,0.0061,0,0,0,0
23,-0.0017,0,0,0,0,0
24,-0.0017,-0.003,0,0,0,0
25,-0.0017,-0.003,0,0,0,0
26,-0.0017,0.003,0,0,0,0
27,-0.0017,-0.003,0,0,0,0
28,-0.0017,0.003,0,0,0,0
29,-0.0017,0,0,0,0,0
30,-0.0017,-0.003,0,0,0,0
31,-0.0017,-0.003,0,0,0,0
32,-0.0017,-0.003,0,0,0,0
33,-0.0017,0.003,0,0,0,0
34,-0.0017,-0.003,0,0,0,0
35,-0.0017,0.0091,0,0,0,0
36,-0.0017,0,0,0,0,0
37,-0.0017,-0.003,0,0,0,0
38,-0.0017,0.003,0,0,0,0
39,-0.0017,0.003,0,0,0,0
40,-0.0017,0.0091,0,0,0,0
41,-0.0017,0.003,0,0,0,0
42,-0.0017,0.0061,0,0,0,0
43,-0.0017,-0.003,0,0,0,0
44,-0.0017,-0.003,0,0,0,0
45,-0.0017,0,0,0,0,0
46,-0.0017,0,0,0,0,0
47,-0.0017,-0.003,0,0,0,0
48,-0.0017,0,0,0,0,0
49,-0.0017,-0.003,0,0,0,0
50,-0.0017,0,0,0,0,0
51,-0.0017,-0.003,0,0,0,0
52,-0.0017,0.003,0,0,0,0
53,-0.0017,-0.0061,0,0,0,0
54,-0.0017,0.003,0,0,0,0
55,-0.0017,0,0,0,0,0
56,-0.0017,-0.0061,0,0,0,0
57,-0.0017,-0.003,0,0,0,0
58,-0.0017,0,0,0,0,0
59,-0.0017,0.003,0,0,0,0
60,-0.0017,-0.003,0,0,0,0
61,-0.0017,0,0,0,0,0
62,-0.0017,0,0,0,0,0
63,-0.0017,0.0061,0,0,0,0
64,-0.0017,-0.003,0,0,0,0
65,-0.0017,0.003,0,0,0,0
66,-0.0017,0,0,0,0,0
67,-0.0017,0.0061,0,0,0,0
68,-0.0017,-0.0061,0,0,0,0
69,-0.0017,-0.003,0,0,0,0
70,-0.0017,0.003,0,0,0,0
71,-0.0017,0.003,0,0,0,0
72,-0.0017,-0.003,0,0,0,0
73,-0.0017,0,0,0,0,0
74,-0.0017,-0.003,0,0,0,0
75,-0.0017,0.003,0,0,0,0
76,-0.0017,-0.0061,0,0,0,0
77,-0.0017,0.0091,0,0,0,0
78,-0.0017,0,0,0,0,0
79,-0.0017,-0.0061,0,0,0,0
80,-0.0017,0.003,0,0,0,0
81,-0.0017,0.003,0,0,0,0
82,-0.0017,0,0,0,0,0
83,-0.0017,0.0061,0,0,0,0
84,-0.0017,-0.003,0,0,0,0
85,-0.0017,0,0,0,0,0
86,-0.0017,-0.003,0,0,0,0
87,-0.0017,-0.0061,0,0,0,0
88,-0.0017,-0.003,0,0,0,0
89,-0.0017,0,0,0,0,0
90,-0.0017,0.003,0,0,0,0
91,-0.0017,0,0,0,0,0
92,-0.0017,0,0,0,0,0
93,-0.0017,0.003,0,0,0,0
94,-0.0017,0,0,0,0,0
95,-0.0017,-0.003,0,0,0,0
96,-0.0017,-0.003,0,0,0,0
97,-0.0017,-0.0061,0,0,0,0
98,-0.0017,0,0,0,0,0
99,-0.0017,0,0,0,0,0
100,-0.0017,0.003,0,0,0,0
101,-0.0017,0.0061,0,0,0,0
102,-0.0017,-0.0061,0,0,0,0
103,-0.0017,0.003,0,0,0,0
104,-0.0017,0,0,0,0,0
105,-0.0017,-0.003,0,0,0,0
106,-0.0017,0,0,0,0,0
107,-0.0017,0.003,0,0,0,0
108,-0.0017,-0.003,0,0,0,0
109,-0.0017,0,0,0,0,0
110,-0.0017,0.0061,0,0,0,0
111,-0.0017,-0.003,0,0,0,0
112,-0.0017,0.003,0,0,0,0
113,-0.0017,0,0,0,0,0
114,-0.0017,-0.0061,0,0,0,0
115,-0.0017,0.003,0,0,0,0
116,-0.0017,0,0,0,0,0
117,-0.0017,0,0,0,0,0
118,-0.0017,0,0,0,0,0
119,-0.0017,0,0,0,0,0
120,-0.0017,0,0,0,0,0
121,-0.0017,-0.003,0,0,0,0
122,-0.0017,0.003,0,0,0,0
123,-0.0017,-0.0061,0,0,0,0
124,-0.0017,0.003,0,0,0,0
125,-0.0017,-0.003,0,0,0,0
126,-0.0017,-0.003,0,0,0,0
127,-0.0017,0.003,0,0,0,0
128,-0.0017,0,0,0,0,0
129,-0.0017,0.003,0,0,0,0
130,-0.0017,-0.003,0,0,0,0
131,-0.0017,0,0,0,0,0
132,-0.0017,0,0,0,0,0
133,-0.0017,-0.003,0,0,0,0
134,-0.0017,0,0,0,0,0
135,-0.0017,-0.003,0,0,0,0
136,-0.0017,0.0061,0,0,0,0
137,-0.0017,-0.003,0,0,0,0
138,-0.0017,0.003,0,0,0,0
139,-0.0017,0.003,0,0,0,0
140,-0.0017,-0.0061,0,0,0,0
141,-0.0017,0.0061,0,0,0,0
142,-0.0017,0,0,0,0,0
143,-0.0017,-0.0061,0,0,0,0
144,-0.0017,0,0,0,0,0
145,-0.0017,-0.0061,0,0,0,0
146,-0.0017,-0.003,0,0,0,0
147,-0.0017,0.003,0,0,0,0
148,-0.0017,-0.003,0,0,0,0
149,-0.0017,-0.003,0,0,0,0
150,-0.0017,0.0061,0,0,0,0
151,-0.0017,0,0,0,0,0
152,-0.0017,0,0,0,0,0
153,-0.0017,0,0,0,0,0
154,-0.0017,0.0061,0,0,0,0
155,-0.0017,-0.0061,0,0,0,0
156,-0.0017,0.0061,0,0,0,0
157,-0.0017,-0.003,0,0,0,0
158,-0.0017,0,0,0,0,0
159,-0.0017,0.003,0,0,0,0
160,-0.0017,0.0061,0,0,0,0
161,-0.0017,-0.0091,0,0,0,0
162,-0.0017,0.0061,0,0,0,0
163,-0.0017,-0.003,0,0,0,0
164,-0.0017,-0.003,0,0,0,0
165,-0.0017,0,0,0,0,0
166,-0.0017,-0.003,0,0,0,0
167,-0.0017,0,0,0,0,0
168,-0.0017,-0.003,0,0,0,0
169,-0.0017,0,0,0,0,0
170,-0.0017,0,0,0,0,0
171,-0.0017,-0.003,0,0,0,0
172,-0.0017,-0.003,0,0,0,0
173,-0.0017,-0.0091,0,0,0,0
174,-0.0017,-0.0122,0,0,0,0
175,-0.0017,0.0091,0,0,0,0
176,-0.0017,-0.003,0,0,0,0
177,-0.0017,0,0,0,0,0
178,-0.0017,0,0,0,0,0
179,-0.0017,-0.003,0,0,0,0
180,-0.0017,-0.003,0,0,0,0
181,-0.0017,-0.003,0,0,0,0
182,-0.0017,0,0,0,0,0
183,-0.0017,-0.003,0,0,0,0
184,-0.0017,0,0,0,0,0
185,-0.0017,0,0,0,0,0
186,-0.0017,0,0,0,0,0
187,-0.0017,0,0,0,0,0
188,-0.0017,-0.003,0,0,0,0
189,-0.0017,-0.0061,0,0,0,0
190,-0.0017,0,0,0,0,0
191,-0.0017,0,0,0,0,0
192,-0.0017,-0.0091,0,0,0,0
193,-0.0017,0.0061,0,0,0,0
194,-0.0017,-0.003,0,0,0,0
195,-0.0017,0.003,0,0,0,0
196,-0.0017,0.003,0,0,0,0
197,-0.0017,-0.003,0,0,0,0
198,-0.0017,-0.003,0,0,0,0
199,-0.0017,0.003,0,0,0,0
200,-0.0017,0,0,0,0,0
201,-0.0017,0.003,0,0,0,0
202,-0.0017,0,0,0,0,0
203,-0.0017,0,0,0,0,0
204,-0.0017,0,0,0,0,0
205,-0.0017,0.0122,0,0,0,0
206,-0.0017,0.003,0,0,0,0
207,-0.0017,0,0,0,0,0
208,-0.0017,0.003,0,0,0,0
209,-0.0017,-0.003,0,0,0,0
210,-0.0017,-0.0061,0,0,0,0
211,-0.0017,0,0,0,0,0
212,-0.0017,-0.003,0,0,0,0
213,-0.0017,0,0,0,0,0
214,-0.0017,0,0,0,0,0
215,-0.0017,-0.0061,0,0,0,0
216,-0.0017,0.003,0,0,0,0
217,-0.0017,-0.003,0,0,0,0
218,-0.0017,0.003,0,0,0,0
219,-0.0017,-0.0061,0,0,0,0
220,-0.0017,0,0,0,0,0
221,-0.0017,0,0,0,0,0
222,-0.0017,0.0061,0,0,0,0
223,-0.0017,0,0,0,0,0
224,-0.0017,0.0061,0,0,0,0
225,-0.0017,0.003,0,0,0,0
226,-0.0017,-0.003,0,0,0,0
227,-0.0017,0,0,0,0,0
228,-0.0017,0.003,0,0,0,0
229,-0.0017,-0.003,0,0,0,0
230,-0.0017,0,0,0,0,0
231,-0.0017,0.0061,0,0,0,0
232,-0.0017,0.003,0,0,0,0
233,-0.0017,0.003,0,0,0,0
234,-0.0017,0,0,0,0,0
235,-0.0017,0,0,0,0,0
236,-0.0017,0.0061,0,0,0,0
237,-0.0017,0.0061,0,0,0,0
238,-0.0017,-0.003,0,0,0,0
239,-0.0017,0,0,0,0,0
240,-0.0017,-0.003,0,0,0,0
241,-0.0017,0.003,0,0,0,0
242,-0.0017,-0.0091,0,0,0,0
243,-0.0017,0.0061,0,0,0,0
244,-0.0017,0,0,0,0,0
245,-0.0017,0,0,0,0,0
246,-0.0017,-0.003,0,0,0,0
247,-0.0017,0.0091,0,0,0,0
248,-0.0017,0.003,0,0,0,0
249,-0.0017,0,0,0,0,0
250,-0.0017,0,0,0,0,0
251,-0.0017,0.0061,0,0,0,0
252,-0.0017,0,0,0,0,0
253,-0.0017,-0.0061,0,0,0,0
254,-0.0017,0,0,0,0,0
255,-0.0017,0.003,0,0,0,0
256,-0.0017,0.003,0,0,0,0
257,-0.0017,0.003,0,0,0,0
258,-0.0017,0.003,0,0,0,0
259,-0.0017,-0.003,0,0,0,0
260,-0.0017,0,0,0,0,0
261,-0.0017,0.003,0,0,0,0
262,-0.0017,0,0,0,0,0
263,-0.0017,0,0,0,0,0
264,-0.0017,0,0,0,0,0
265,-0.0017,0,0,0,0,0
266,-0.0017,-0.0061,0,0,0,0
267,-0.0017,0,0,0,0,0
268,-0.0017,-0.003,0,0,0,0
269,-0.0017,0.003,0,0,0,0
270,-0.0017,0.0061,0,0,0,0
271,-0.0017,0.003,0,0,0,0
272,-0.0017,0.003,0,0,0,0
273,-0.0017,0.0061,0,0,0,0
274,-0.0017,0,0,0,0,0
275,-0.0017,0.0061,0,0,0,0
276,-0.0017,0,0,0,0,0
277,-0.0017,-0.003,0,0,0,0
278,-0.0017,0.003,0,0,0,0
279,-0.0017,-0.0091,0,0,0,0
280,-0.0017,0.003,0,0,0,0
281,-0.0017,0.0061,0,0,0,0
282,-0.0017,0,0,0,0,0
283,-0.0017,0.003,0,0,0,0
284,-0.0017,0,0,0,0,0
285,-0.0017,0,0,0,0,0
286,-0.0017,0,0,0,0,0
287,-0.0017,0,0,0,0,0
288,-0.0017,0,0,0,0,0
289,-0.0017,-0.003,0,0,0,0
290,-0.0017,0,0,0,0,0
291,-0.0017,-0.003,0,0,0,0
292,-0.0017,0.0061,0,0,0,0
293,-0.0017,-0.0091,0,0,0,0
294,-0.0017,0,0,0,0,0
295,-0.0017,-0.0061,0,0,0,0
296,-0.0017,-0.003,0,0,0,0
297,-0.0017,-0.003,0,0,0,0
298,-0.0017,0.0061,0,0,0,0
299,-0.0017,0,0,0,0,0
300,-0.0017,-0.003,0,0,0,0
301,-0.0017,0.003,0,0,0,0
302,-0.0017,-0.003,0,0,0,0
303,-0.0017,0.003,0,0,0,0
304,-0.0017,0.003,0,0,0,0
305,-0.0017,-0.0091,0,0,0,0
306,-0.0017,0.003,0,0,0,0
307,-0.0017,0.003,0,0,0,0
308,-0.0017,-0.0061,0,0,0,0
309,-0.0017,0.0061,0,0,0,0
310,-0.0017,0,0,0,0,0
311,-0.0017,0.003,0,0,0,0
312,-0.0017,0.003,0,0,0,0
313,-0.0017,-0.003,0,0,0,0
314,-0.0017,-0.003,0,0,0,0
315,-0.0017,0.003,0,0,0,0
316,-0.0017,-0.003,0,0,0,0
317,-0.0017,-0.003,0,0,0,0
318,-0.0017,-0.003,0,0,0,0
319,-0.0017,-0.003,0,0,0,0
320,-0.0017,0,0,0,0,0
321,-0.0017,0.003,0,0,0,0
322,-0.0017,0,0,0,0,0
323,-0.0017,0.003,0,0,0,0
324,-0.0017,-0.0061,0,0,0,0
325,-0.0017,0.003,0,0,0,0
326,-0.0017,0.0061,0,0,0,0
327,-0.0017,0.003,0,0,0,0
328,-0.0017,0,0,0,0,0
329,-0.0017,-0.0061,0,0,0,0
330,-0.0017,-0.003,0,0,0,0
331,-0.0017,-0.003,0,0,0,0
332,-0.0017,-0.0061,0,0,0,0
333,-0.0017,0.003,0,0,0,0
334,-0.0017,0.003,0,0,0,0
335,-0.0017,-0.0061,0,0,0,0
336,-0.0017,0.0061,0,0,0,0
337,-0.0017,-0.0061,0,0,0,0
338,-0.0017,0.0061,0,0,0,0
339,-0.0017,-0.0061,0,0,0,0
340,-0.0017,0.0061,0,0,0,0
341,-0.0017,0,0,0,0,0
342,-0.0017,-0.003,0,0,0,0
343,-0.0017,0,0,0,0,0
344,-0.0017,-0.0061,0,0,0,0
345,-0.0017,-0.003,0,0,0,0
346,-0.0018,0.0091,0,0,0,0
347,-0.0017,0,0,0,0,0
348,-0.0017,-0.0061,0,0,0,0
349,-0.0017,0.003,0,0,0,0
350,-0.0017,-0.0091,0,0,0,0
351,-0.0017,0,0,0,0,0
352,-0.0017,0.003,0,0,0,0
353,-0.0017,-0.0091,0,0,0,0
354,-0.0017,0,0,0,0,0
355,-0.0017,0.003,0,0,0,0
356,-0.0017,0.003,0,0,0,0
357,-0.0017,-0.0061,0,0,0,0
358,-0.0017,0.003,0,0,0,0
359,-0.0018,-0.0091,0,0,0,0
360,-0.0017,0,0,0,0,0
361,-0.0017,0,0,0,0,0
362,-0.0017,0.003,0,0,0,0
363,-0.0017,0,0,0,0,0
364,-0.0018,-0.0061,0,0,0,0
365,-0.0017,0,0,0,0,0
366,-0.0017,0.003,0,0,0,0
367,-0.0017,0,0,0,0,0
368,-0.0017,0,0,0,0,0
369,-0.0017,-0.003,0,0,0,0
370,-0.0017,0.0061,0,0,0,0
371,-0.0018,-0.0061,0,0,0,0
372,-0.0018,0.003,0,0,0,0
373,-0.0017,0.003,0,0,0,0
374,-0.0017,-0.0061,0,0,0,0
375,-0.0017,0.003,0,0,0,0
376,-0.0017,0,0,0,0,0
377,-0.0017,-0.0061,0,0,0,0
378,-0.0017,0.003,0,0,0,0
379,-0.0017,0.003,0,0,0,0
380,-0.0017,-0.003,0,0,0,0
381,-0.0017,0.003,0,0,0,0
382,-0.0017,-0.003,0,0,0,0
383,-0.0017,0.003,0,0,0,0
384,-0.0017,0,0,0,0,0
385,-0.0017,0,0,0,0,0
386,-0.0017,-0.003,0,0,0,0
387,-0.0017,0,0,0,0,0
388,-0.0017,0.003,0,0,0,0
389,-0.0017,-0.003,0,0,0,0
390,-0.0017,0,0,0,0,0
391,-0.0018,0.0061,0,0,0,0
392,-0.0017,0.003,0,0,0,0
393,-0.0017,0,0,0,0,0
394,-0.0018,-0.003,0,0,0,0
395,-0.0017,0.003,0,0,0,0
396,-0.0017,-0.003,0,0,0,0
397,-0.0018,0,0,0,0,0
398,-0.0017,0,0,0,0,0
399,-0.0017,0,0,0,0,0
400,-0.0017,0.003,0,0,0,0
401,-0.0017,0,0,0,0,0
402,-0.0017,-0.003,0,0,0,0
403,-0.0018,0.003,0,0,0,0
404,-0.0017,-0.003,0,0,0,0
405,-0.0018,0,0,0,0,0
406,-0.0017,0,0,0,0,0
407,-0.0018,0,0,0,0,0
408,-0.0018,-0.003,0,0,0,0
409,-0.0017,0,0,0,0,0
410,-0.0018,-0.003,0,0,0,0
411,-0.0018,0,0,0,0,0
412,-0.0017,0,0,0,0,0
413,-0.0017,-0.003,0,0,0,0
414,-0.0018,0.003,0,0,0,0
415,-0.0017,-0.003,0,0,0,0
416,-0.0017,0,0,0,0,0
417,-0.0018,0,0,0,0,0
418,-0.0017,-0.003,0,0,0,0
419,-0.0017,0,0,0,0,0
420,-0.0017,0.003,0,0,0,0
421,-0.0018,0,0,0,0,0
422,-0.0018,0,0,0,0,0
423,-0.0017,0.003,0,0,0,0
424,-0.0018,0.003,0,0,0,0
425,-0.0017,-0.0091,0,0,0,0
426,-0.0017,0,0,0,0,0
427,-0.0018,-0.003,0,0,0,0
428,-0.0018,0.003,0,0,0,0
429,-0.0017,-0.003,0,0,0,0
430,-0.0018,0,0,0,0,0
431,-0.0017,0.003,0,0,0,0
432,-0.0017,-0.0061,0,0,0,0
433,-0.0018,0.003,0,0,0,0
434,-0.0018,0,0,0,0,0
435,-0.0018,0.003,0,0,0,0
436,-0.0017,0,0,0,0,0
437,-0.0018,-0.003,0,0,0,0
438,-0.0017,0.003,0,0,0,0
439,-0.0017,0.0061,0,0,0,0
440,-0.0018,0.0061,0,0,0,0
441,-0.0017,0,0,0,0,0
442,-0.0018,0,0,0,0,0
443,-0.0018,-0.003,0,0,0,0
444,-0.0017,0,0,0,0,0
445,-0.0018,-0.003,0,0,0,0
446,-0.0018,0,0,0,0,0
447,-0.0017,0,0,0,0,0
448,-0.0018,0,0,0,0,0
449,-0.0017,0.0061,0,0,0,0
450,-0.0018,-0.003,0,0,0,0
451,-0.0018,-0.0061,0,0,0,0
452,-0.0017,0.003,0,0,0,0
453,-0.0018,-0.0061,0,0,0,0
454,-0.0018,0.0061,0,0,0,0
455,-0.0017,0,0,0,0,0
456,-0.0017,-0.0061,0,0,0,0
457,-0.0018,0,0,0,0,0
458,-0.0018,0,0,0,0,0
459,-0.0018,0,0,0,0,0
460,-0.0018,0.003,0,0,0,0
461,-0.0018,0,0,0,0,0
462,-0.0017,-0.003,0,0,0,0
463,-0.0018,0,0,0,0,0
464,-0.0018,0,0,0,0,0
465,-0.0018,0.003,0,0,0,0
466,-0.0017,0,0,0,0,0
467,-0.0018,-0.003,0,0,0,0
468,-0.0018,0.003,0,0,0,0
469,-0.0018,0,0,0,0,0
470,-0.0018,0.003,0,0,0,0
471,-0.0018,0,0,0,0,0
472,-0.0018,0,0,0,0,0
473,-0.0018,0.003,0,0,0,0
474,-0.0017,0.0061,0,0,0,0
475,-0.0018,-0.003,0,0,0,0
476,-0.0018,-0.003,0,0,0,0
477,-0.0018,0,0,0,0,0
478,-0.0018,0.003,0,0,0,0
479,-0.0018,0.003,0,0,0,0
480,-0.0018,-0.003,0,0,0,0
481,-0.0018,0,0,0,0,0
482,-0.0018,-0.0061,0,0,0,0
483,-0.0018,-0.003,0,0,0,0
484,-0.0018,-0.003,0,0,0,0
485,-0.0018,0.003,0,0,0,0
486,-0.0018,0.003,0,0,0,0
487,-0.0018,-0.0061,0,0,0,0
488,-0.0018,0.0091,0,0,0,0
489,-0.0018,-0.003,0,0,0,0
490,-0.0018,0.003,0,0,0,0
491,-0.0018,0,0,0,0,0
492,-0.0018,0,0,0,0,0
493,-0.0018,0,0,0,0,0
494,-0.0018,0,0,0,0,0
495,-0.0018,-0.0061,0,0,0,0
496,-0.0018,-0.003,0,0,0,0
497,-0.0018,0,0,0,0,0
498,-0.0017,-0.003,0,0,0,0
499,-0.0018,-0.003,0,0,0,0
500,-0.0018,-0.0061,0,0,0,0
501,-0.0018,0,0,0,0,0
502,-0.0018,0.0091,0,0,0,0
503,-0.0017,0.003,0,0,0,0
504,-0.0018,-0.0061,0,0,0,0
505,-0.0017,0,0,0,0,0
506,-0.0018,-0.003,0,0,0,0
507,-0.0018,-0.003,0,0,0,0
508,-0.0018,-0.0061,0,0,0,0
509,-0.0018,-0.003,0,0,0,0
510,-0.0018,-0.003,0,0,0,0
511,-0.0018,0.003,0,0,0,0
512,-0.0018,-0.0061,0,0,0,0
513,-0.0018,0,0,0,0,0
514,-0.0018,0.003,0,0,0,0
515,-0.0017,-0.003,0,0,0,0
516,-0.0018,-0.003,0,0,0,0
517,-0.0018,0,0,0,0,0
518,-0.0018,0,0,0,0,0
519,-0.0018,-0.0091,0,0,0,0
520,-0.0018,0.003,0,0,0,0
521,-0.0017,-0.0061,0,0,0,0
522,-0.0018,-0.0061,0,0,0,0
523,-0.0018,0,0,0,0,0
524,-0.0017,0.0091,0,0,0,0
525,-0.0018,0.003,0,0,0,0
526,-0.0018,0,0,0,0,0
527,-0.0018,0,0,0,0,0
528,-0.0018,-0.003,0,0,0,0
529,-0.0018,0.003,0,0,0,0
530,-0.0018,-0.003,0,0,0,0
531,-0.0018,0.0061,0,0,0,0
532,-0.0018,0,0,0,0,0
533,-0.0018,-0.003,0,0,0,0
534,-0.0018,0,0,0,0,0
535,-0.0017,0.003,0,0,0,0
536,-0.0018,0,0,0,0,0
537,-0.0018,0.0061,0,0,0,0
538,-0.0018,-0.003,0,0,0,0
539,-0.0018,-0.003,0,0,0,0
540,-0.0018,0.003,0,0,0,0
541,-0.0018,-0.003,0,0,0,0
542,-0.0018,-0.0091,0,0,0,0
543,-0.0018,-0.003,0,0,0,0
544,-0.0018,-0.003,0,0,0,0
545,-0.0018,0.003,0,0,0,0
546,-0.0018,-0.0061,0,0,0,0
547,-0.0018,-0.0061,0,0,0,0
548,-0.0018,-0.0061,0,0,0,0
549,-0.0018,0,0,0,0,0
550,-0.0018,-0.003,0,0,0,0
551,-0.0018,0.003,0,0,0,0
552,-0.0018,0.0091,0,0,0,0
553,-0.0018,0,0,0,0,0
554,-0.0018,0,0,0,0,0
555,-0.0018,0.003,0,0,0,0
556,-0.0018,0,0,0,0,0
557,-0.0018,-0.0061,0,0,0,0
558,-0.0018,-0.003,0,0,0,0
559,-0.0018,0,0,0,0,0
560,-0.0018,-0.003,0,0,0,0
561,-0.0018,-0.003,0,0,0,0
562,-0.0018,0,0,0,0,0
563,-0.0018,0.003,0,0,0,0
564,-0.0018,-0.003,0,0,0,0
565,-0.0018,0.003,0,0,0,0
566,-0.0018,0,0,0,0,0
567,-0.0018,-0.003,0,0,0,0
568,-0.0018,0,0,0,0,0
569,-0.0018,0.0061,0,0,0,0
570,-0.0018,0,0,0,0,0
571,-0.0018,0,0,0,0,0
572,-0.0018,-0.0061,0,0,0,0
573,-0.0018,-0.0091,0,0,0,0
574,-0.0018,0.003,0,0,0,0
575,-0.0018,0,0,0,0,0
576,-0.0018,-0.003,0,0,0,0
577,-0.0018,-0.0061,0,0,0,0
578,-0.0018,0,0,0,0,0
579,-0.0018,-0.0061,0,0,0,0
580,-0.0018,0.0061,0,0,0,0
581,-0.0018,-0.003,0,0,0,0
582,-0.0018,0.0061,0,0,0,0
583,-0.0018,0,0,0,0,0
584,-0.0018,0,0,0,0,0
585,-0.0018,0.003,0,0,0,0
586,-0.0018,-0.0061,0,0,0,0
587,-0.0018,0.003,0,0,0,0
588,-0.0018,0.003,0,0,0,0
589,-0.0018,0,0,0,0,0
590,-0.0018,0,0,0,0,0
591,-0.0018,-0.003,0,0,0,0
592,-0.0018,-0.0061,0,0,0,0
593,-0.0018,0.0061,0,0,0,0
594,-0.0018,0,0,0,0,0
595,-0.0018,-0.003,0,0,0,0
596,-0.0018,0.0061,0,0,0,0
597,-0.0018,0.003,0,0,0,0
598,-0.0018,0.003,0,0,0,0
599,-0.0018,-0.0061,0,0,0,0
600,-0.0018,-0.0061,0,0,0,0
601,-0.0018,-0.003,0,0,0,0
602,-0.0018,-0.003,0,0,0,0
603,-0.0018,0,0,0,0,0
604,-0.0018,0.003,0,0,0,0
605,-0.0018,0,0,0,0,0
606,-0.0018,0,0,0,0,0
607,-0.0018,0,0,0,0,0
608,-0.0018,-0.003,0,0,0,0
609,-0.0018,0.003,0,0,0,0
610,-0.0018,-0.003,0,0,0,0
611,-0.0018,0.0061,0,0,0,0
612,-0.0018,-0.003,0,0,0,0
613,-0.0018,0,0,0,0,0
614,-0.0018,0,0,0,0,0
615,-0.0018,0.003,0,0,0,0
616,-0.0018,-0.003,0,0,0,0
617,-0.0018,-0.003,0,0,0,0
618,-0.0018,-0.0061,0,0,0,0
619,-0.0018,0.0091,0,0,0,0
620,-0.0018,-0.003,0,0,0,0
621,-0.0018,-0.003,0,0,0,0
622,-0.0018,0.003,0,0,0,0
623,-0.0018,-0.003,0,0,0,0
624,-0.0018,0.003,0,0,0,0
625,-0.0018,0,0,0,0,0
626,-0.0018,-0.0061,0,0,0,0
627,-0.0018,-0.003,0,0,0,0
628,-0.0018,0,0,0,0,0
629,-0.0018,-0.0061,0,0,0,0
630,-0.0018,0,0,0,0,0
631,-0.0018,0.003,0,0,0,0
632,-0.0018,0.0061,0,0,0,0
633,-0.0018,0,0,0,0,0
634,-0.0018,-0.0061,0,0,0,0
635,-0.0018,0,0,0,0,0
636,-0.0018,-0.003,0,0,0,0
637,-0.0018,-0.003,0,0,0,0
638,-0.0018,-0.003,0,0,0,0
639,-0.0018,0,0,0,0,0
640,-0.0018,-0.003,0,0,0,0
641,-0.0018,0.003,0,0,0,0
642,-0.0018,-0.0091,0,0,0,0
643,-0.0018,0.003,0,0,0,0
644,-0.0018,0.003,0,0,0,0
645,-0.0018,0.0061,0,0,0,0
646,-0.0018,0.003,0,0,0,0
647,-0.0018,0.003,0,0,0,0
648,-0.0018,0.003,0,0,0,0
649,-0.0018,-0.003,0,0,0,0
650,-0.0018,0.0061,0,0,0,0
651,-0.0018,0.0061,0,0,0,0
652,-0.0018,0,0,0,0,0
653,-0.0018,0,0,0,0,0
654,-0.0018,0.0091,0,0,0,0
655,-0.0018,0,0,0,0,0
656,-0.0018,-0.0091,0,0,0,0
657,-0.0018,0,0,0,0,0
658,-0.0018,0,0,0,0,0
659,-0.0018,0,0,0,0,0
660,-0.0018,0,0,0,0,0
661,-0.0018,0.003,0,0,0,0
662,-0.0018,0,0,0,0,0
663,-0.0018,-0.0061,0,0,0,0
664,-0.0018,0.003,0,0,0,0
665,-0.0018,-0.0061,0,0,0,0
666,-0.0018,0.0061,0,0,0,0
667,-0.0018,0,0,0,0,0
668,-0.0018,0.003,0,0,0,0
669,-0.0018,0.003,0,0,0,0
670,-0.0018,0.003,0,0,0,0
671,-0.0018,0.0061,0,0,0,0
672,-0.0018,0,0,0,0,0
673,-0.0018,0.003,0,0,0,0
674,-0.0018,-0.003,0,0,0,0
675,-0.0018,0,0,0,0,0
676,-0.0018,-0.003,0,0,0,0
677,-0.0018,0.003,0,0,0,0
678,-0.0018,0,0,0,0,0
679,-0.0018,-0.003,0,0,0,0
680,-0.0018,0,0,0,0,0
681,-0.0018,-0.003,0,0,0,0
682,-0.0018,-0.003,0,0,0,0
683,-0.0018,0,0,0,0,0
684,-0.0018,-0.003,0,0,0,0
685,-0.0018,0.003,0,0,0,0
686,-0.0018,0.003,0,0,0,0
687,-0.0018,-0.0061,0,0,0,0
688,-0.0018,0.003,0,0,0,0
689,-0.0018,0.003,0,0,0,0
690,-0.0018,0.003,0,0,0,0
691,-0.0018,0.0091,0,0,0,0
692,-0.0018,0,0,0,0,0
693,-0.0018,0.003,0,0,0,0
694,-0.0018,-0.003,0,0,0,0
695,-0.0018,-0.003,0,0,0,0
696,-0.0018,-0.003,0,0,0,0
697,-0.0018,0.0061,0,0,0,0
698,-0.0018,0.003,0,0,0,0
699,-0.0018,-0.0061,0,0,0,0
700,-0.0018,0,0,0,0,0
701,-0.0018,0.003,0,0,0,0
702,-0.0018,0,0,0,0,0
703,-0.0018,-0.003,0,0,0,0
704,-0.0018,0.003,0,0,0,0
705,-0.0018,-0.003,0,0,0,0
706,-0.0018,0,0,0,0,0
707,-0.0018,0.003,0,0,0,0
708,-0.0018,0.003,0,0,0,0
709,-0.0018,0,0,0,0,0
710,-0.0018,0,0,0,0,0
711,-0.0018,0,0,0,0,0
712,-0.0018,0.0061,0,0,0,0
713,-0.0018,-0.003,0,0,0,0
714,-0.0018,0.003,0,0,0,0
715,-0.0018,0,0,0,0,0
716,-0.0018,0,0,0,0,0
717,-0.0018,0.0061,0,0,0,0
718,-0.0018,0.003,0,0,0,0
719,-0.0018,0.0061,0,0,0,0
720,-0.0018,0.003,0,0,0,0
721,-0.0018,-0.003,0,0,0,0
722,-0.0018,-0.003,0,0,0,0
723,-0.0018,0.0061,0,0,0,0
724,-0.0018,0,0,0,0,0
725,-0.0018,-0.003,0,0,0,0
726,-0.0018,0,0,0,0,0
727,-0.0018,-0.003,0,0,0,0
728,-0.0018,-0.0061,0,0,0,0
729,-0.0018,0.003,0,0,0,0
730,-0.0018,0.003,0,0,0,0
731,-0.0018,0,0,0,0,0
732,-0.0018,0,0,0,0,0
733,-0.0018,0,0,0,0,0
734,-0.0018,-0.003,0,0,0,0
735,-0.0018,0,0,0,0,0
736,-0.0018,-0.003,0,0,0,0
737,-0.0018,0.0061,0,0,0,0
738,-0.0018,-0.003,0,0,0,0
739,-0.0018,0.003,0,0,0,0
740,-0.0018,0,0,0,0,0
741,-0.0018,-0.003,0,0,0,0
742,-0.0018,0.003,0,0,0,0
743,-0.0018,0,0,0,0,0
744,-0.0018,0.003,0,0,0,0
745,-0.0018,0,0,0,0,0
746,-0.0018,-0.003,0,0,0,0
747,-0.0018,-0.0091,0,0,0,0
748,-0.0018,0,0,0,0,0
749,-0.0018,0,0,0,0,0
750,-0.0018,0,0,0,0,0
751,-0.0018,-0.003,0,0,0,0
752,-0.0018,0,0,0,0,0
753,-0.0018,-0.003,0,0,0,0
754,-0.0018,0.0061,0,0,0,0
755,-0.0018,0.003,0,0,0,0
756,-0.0018,-0.003,0,0,0,0
757,-0.0018,-0.0061,0,0,0,0
758,-0.0018,0,0,0,0,0
759,-0.0018,-0.003,0,0,0,0
760,-0.0018,0,0,0,0,0
761,-0.0018,-0.003,0,0,0,0
762,-0.0018,0,0,0,0,0
763,-0.0018,-0.0061,0,0,0,0
764,-0.0018,0.003,0,0,0,0
765,-0.0018,0,0,0,0,0
766,-0.0018,0,0,0,0,0
767,-0.0018,0,0,0,0,0
768,-0.0018,0,0,0,0,0
769,-0.0018,-0.003,0,0,0,0
770,-0.0018,0.003,0,0,0,0
771,-0.0018,0.003,0,0,0,0
772,-0.0018,-0.0091,0,0,0,0
773,-0.0018,0,0,0,0,0
774,-0.0018,-0.003,0,0,0,0
775,-0.0018,0,0,0,0,0
776,-0.0018,-0.003,0,0,0,0
777,-0.0018,0.003,0,0,0,0
778,-0.0018,0.003,0,0,0,0
779,-0.0018,0,0,0,0,0
780,-0.0018,0,0,0,0,0
781,-0.0018,0,0,0,0,0
782,-0.0018,0.003,0,0,0,0
783,-0.0018,0.0061,0,0,0,0
784,-0.0018,0.003,0,0,0,0
785,-0.0018,0.003,0,0,0,0
786,-0.0018,0.003,0,0,0,0
787,-0.0018,0,0,0,0,0
788,-0.0018,0,0,0,0,0
789,-0.0018,-0.003,0,0,0,0
790,-0.0018,0,0,0,0,0
791,-0.0018,-0.003,0,0,0,0
792,-0.0018,0.003,0,0,0,0
793,-0.0018,-0.003,0,0,0,0
794,-0.0018,0.003,0,0,0,0
795,-0.0018,-0.003,0,0,0,0
796,-0.0018,0.0061,0,0,0,0
797,-0.0018,-0.003,0,0,0,0
798,-0.0018,0.003,0,0,0,0
799,-0.0018,-0.0061,0,0,0,0
800,-0.0018,0.0061,0,0,0,0
801,-0.0018,-0.003,0,0,0,0
802,-0.0018,0.003,0,0,0,0
803,-0.0018,-0.003,0,0,0,0
804,-0.0018,0.003,0,0,0,0
805,-0.0018,-0.0061,0,0,0,0
806,-0.0018,0,0,0,0,0
807,-0.0018,-0.003,0,0,0,0
808,-0.0018,-0.003,0,0,0,0
809,-0.0018,-0.003,0,0,0,0
810,-0.0018,-0.003,0,0,0,0
811,-0.0018,0.003,0,0,0,0
812,-0.0018,0,0,0,0,0
813,-0.0018,0.0091,0,0,0,0
814,-0.0018,0.0061,0,0,0,0
815,-0.0018,-0.003,0,0,0,0
816,-0.0018,0,0,0,0,0
817,-0.0018,0,0,0,0,0
818,-0.0018,-0.003,0,0,0,0
819,-0.0018,-0.003,0,0,0,0
820,-0.0018,-0.0061,0,0,0,0
821,-0.0018,0.003,0,0,0,0
822,-0.0018,-0.003,0,0,0,0
823,-0.0018,0.003,0,0,0,0
824,-0.0018,0.003,0,0,0,0
825,-0.0018,0.003,0,0,0,0
826,-0.0018,-0.003,0,0,0,0
827,-0.0018,0,0,0,0,0
828,-0.0018,0,0,0,0,0
829,-0.0018,0,0,0,0,0
830,-0.0018,-0.003,0,0,0,0
831,-0.0018,0.0061,0,0,0,0
832,-0.0018,0,0,0,0,0
833,-0.0018,0.0061,0,0,0,0
834,-0.0018,0,0,0,0,0
835,-0.0018,0,0,0,0,0
836,-0.0018,0.003,0,0,0,0
837,-0.0018,0,0,0,0,0
838,-0.0018,0,0,0,0,0
839,-0.0018,0,0,0,0,0
840,-0.0018,0,0,0,0,0
841,-0.0018,0.0091,0,0,0,0
842,-0.0018,0.003,0,0,0,0
843,-0.0018,0.003,0,0,0,0
844,-0.0018,0.003,0,0,0,0
845,-0.0018,0,0,0,0,0
846,-0.0018,0,0,0,0,0
847,-0.0018,0,0,0,0,0
848,-0.0018,0,0,0,0,0
849,-0.0018,-0.003,0,0,0,0
850,-0.0018,0.003,0,0,0,0
851,-0.0018,-0.003,0,0,0,0
852,-0.0018,0.003,0,0,0,0
853,-0.0018,0,0,0,0,0
854,-0.0018,0.003,0,0,0,0
855,-0.0018,-0.003,0,0,0,0
856,-0.0018,0,0,0,0,0
857,-0.0018,0,0,0,0,0
858,-0.0018,0,0,0,0,0
859,-0.0018,-0.0061,0,0,0,0
860,-0.0018,0,0,0,0,0
861,-0.0018,-0.003,0,0,0,0
862,-0.0018,0.003,0,0,0,0
863,-0.0018,0,0,0,0,0
864,-0.0018,0,0,0,0,0
865,-0.0018,0,0,0,0,0
866,-0.0018,0.003,0,0,0,0
867,-0.0018,0,0,0,0,0
868,-0.0018,0.0061,0,0,0,0
869,-0.0018,0.003,0,0,0,0
870,-0.0018,0.003,0,0,0,0
871,-0.0018,-0.0091,0,0,0,0
872,-0.0018,-0.003,0,0,0,0
873,-0.0018,0.003,0,0,0,0
874,-0.0018,0,0,0,0,0
875,-0.0018,0.003,0,0,0,0
876,-0.0018,-0.003,0,0,0,0
877,-0.0018,0.0091,0,0,0,0
878,-0.0018,-0.0061,0,0,0,0
879,-0.0018,-0.003,0,0,0,0
880,-0.0018,0.003,0,0,0,0
881,-0.0018,-0.003,0,0,0,0
882,-0.0018,0.0091,0,0,0,0
883,-0.0018,0.003,0,0,0,0
884,-0.0018,0.0061,0,0,0,0
885,-0.0018,-0.003,0,0,0,0
886,-0.0018,0.003,0,0,0,0
887,-0.0018,-0.003,0,0,0,0
888,-0.0018,0,0,0,0,0
889,-0.0018,0.0061,0,0,0,0
890,-0.0018,0,0,0,0,0
891,-0.0018,-0.0091,0,0,0,0
892,-0.0018,0,0,0,0,0
893,-0.0018,0,0,0,0,0
894,-0.0018,0.0061,0,0,0,0
895,-0.0018,0.0061,0,0,0,0
896,-0.0018,0,0,0,0,0
897,-0.0018,0.0061,0,0,0,0
898,-0.0018,0,0,0,0,0
899,-0.0018,-0.003,0,0,0,0
900,-0.0018,0.003,0,0,0,0
901,-0.0018,-0.003,0,0,0,0
902,-0.0018,0.0122,0,0,0,0
903,-0.0018,-0.0061,0,0,0,0
904,-0.0018,-0.0061,0,0,0,0
905,-0.0018,0.003,0,0,0,0
906,-0.0018,-0.003,0,0,0,0
907,-0.0018,0.0061,0,0,0,0
908,-0.0018,-0.0061,0,0,0,0
909,-0.0018,0,0,0,0,0
910,-0.0018,0.003,0,0,0,0
911,-0.0018,-0.0061,0,0,0,0
912,-0.0018,0.003,0,0,0,0
913,-0.0018,0,0,0,0,0
914,-0.0018,-0.003,0,0,0,0
915,-0.0018,-0.003,0,0,0,0
916,-0.0018,0.003,0,0,0,0
917,-0.0018,-0.0061,0,0,0,0
918,-0.0018,-0.003,0,0,0,0
919,-0.0018,0.0091,0,0,0,0
920,-0.0018,-0.003,0,0,0,0
921,-0.0018,0.003,0,0,0,0
922,-0.0018,-0.0061,0,0,0,0
923,-0.0018,-0.0061,0,0,0,0
924,-0.0018,0,0,0,0,0
925,-0.0018,-0.003,0,0,0,0
926,-0.0018,0,0,0,0,0
927,-0.0018,0.0091,0,0,0,0
928,-0.0018,0,0,0,0,0
929,-0.0018,0.0061,0,0,0,0
930,-0.0018,0,0,0,0,0
931,-0.0018,0.003,0,0,0,0
932,-0.0018,0,0,0,0,0
933,-0.0018,0.0061,0,0,0,0
934,-0.0018,-0.0061,0,0,0,0
935,-0.0018,0,0,0,0,0
936,-0.0018,0.003,0,0,0,0
937,-0.0018,-0.003,0,0,0,0
938,-0.0018,0,0,0,0,0
939,-0.0018,0,0,0,0,0
940,-0.0018,0,0,0,0,0
941,-0.0018,0,0,0,0,0
942,-0.0018,0.003,0,0,0,0
943,-0.0018,0.0061,0,0,0,0
944,-0.0018,0.003,0,0,0,0
945,-0.0018,0.003,0,0,0,0
946,-0.0018,0,0,0,0,0
947,-0.0018,0.003,0,0,0,0
948,-0.0018,0.0061,0,0,0,0
949,-0.0018,-0.003,0,0,0,0
950,-0.0018,0.003,0,0,0,0
951,-0.0018,0.003,0,0,0,0
952,-0.0018,-0.003,0,0,0,0
953,-0.0018,0,0,0,0,0
954,-0.0018,-0.0061,0,0,0,0
955,-0.0018,-0.0091,0,0,0,0
956,-0.0018,0,0,0,0,0
957,-0.0018,0,0,0,0,0
958,-0.0018,0,0,0,0,0
959,-0.0018,-0.003,0,0,0,0
960,-0.0018,-0.003,0,0,0,0
961,-0.0018,0,0,0,0,0
962,-0.0018,0.0061,0,0,0,0
963,-0.0018,0.003,0,0,0,0
964,-0.0018,0.003,0,0,0,0
965,-0.0018,0.003,0,0,0,0
966,-0.0018,-0.003,0,0,0,0
967,-0.0018,0,0,0,0,0
968,-0.0018,0,0,0,0,0
969,-0.0018,0.0061,0,0,0,0
970,-0.0018,-0.0061,0,0,0,0
971,-0.0018,0.0061,0,0,0,0
972,-0.0018,-0.0061,0,0,0,0
973,-0.0018,0,0,0,0,0
974,-0.0018,-0.003,0,0,0,0
975,-0.0018,-0.003,0,0,0,0
976,-0.0018,-0.0061,0,0,0,0
977,-0.0018,0,0,0,0,0
978,-0.0018,-0.003,0,0,0,0
979,-0.0018,-0.0061,0,0,0,0
980,-0.0018,0.003,0,0,0,0
981,-0.0018,-0.0061,0,0,0,0
982,-0.0018,0.003,0,0,0,0
983,-0.0018,0.0091,0,0,0,0
984,-0.0018,0.003,0,0,0,0
985,-0.0018,0,0,0,0,0
986,-0.0018,-0.0061,0,0,0,0
987,-0.0018,-0.003,0,0,0,0
988,-0.0018,-0.003,0,0,0,0
989,-0.0018,-0.0061,0,0,0,0
990,-0.0018,0.003,0,0,0,0
991,-0.0018,0.003,0,0,0,0
992,-0.0018,0,0,0,0,0
993,-0.0018,0.0061,0,0,0,0
994,-0.0018,-0.003,0,0,0,0
995,-0.0018,0.003,0,0,0,0
996,-0.0018,0.0061,0,0,0,0
997,-0.0018,-0.003,0,0,0,0
998,-0.0018,0.003,0,0,0,0
999,-0.0018,-0.003,0,0,0,0
1000,-0.0018,0.003,0,0,0,0
1001,-0.0018,-0.0061,0,0,0,0
1002,-0.0018,0.0061,0,0,0,0
1003,-0.0018,0.003,0,0,0,0
1004,-0.0018,-0.003,0,0,0,0
1005,-0.0018,0,0,0,0,0
1006,-0.0018,0.0061,0,0,0,0
1007,-0.0018,0,0,0,0,0
1008,-0.0018,0.0091,0,0,0,0
1009,-0.0018,0,0,0,0,0
1010,-0.0018,0.0122,0,0,0,0
1011,-0.0018,0,0,0,0,0
1012,-0.0018,-0.0091,0,0,0,0
1013,-0.0018,0.0061,0,0,0,0
1014,-0.0018,-0.003,0,0,0,0
1015,-0.0018,0,0,0,0,0
1016,-0.0018,0.0061,0,0,0,0
1017,-0.0018,-0.003,0,0,0,0
1018,-0.0018,0,0,0,0,0
1019,-0.0018,0,0,0,0,0
1020,-0.0018,0,0,0,0,0
1021,-0.0018,0.003,0,0,0,0
1022,-0.0018,-0.0061,0,0,0,0
1023,-0.0018,0.0061,0,0,0,0
1024,-0.0018,-0.003,0,0,0,0
1025,-0.0018,-0.003,0,0,0,0
1026,-0.0018,0.003,0,0,0,0
1027,-0.0018,-0.003,0,0,0,0
1028,-0.0018,0.0091,0,0,0,0
1029,-0.0018,-0.003,0,0,0,0
1030,-0.0018,0,0,0,0,0
1031,-0.0018,-0.0061,0,0,0,0
1032,-0.0018,0.003,0,0,0,0
1033,-0.0018,0,0,0,0,0
1034,-0.0018,-0.0091,0,0,0,0
1035,-0.0018,0,0,0,0,0
1036,-0.0018,0.0061,0,0,0,0
1037,-0.0018,0,0,0,0,0
1038,-0.0018,0.003,0,0,0,0
1039,-0.0018,0,0,0,0,0
1040,-0.0018,0.003,0,0,0,0
1041,-0.0018,0.003,0,0,0,0
1042,-0.0018,0,0,0,0,0
1043,-0.0018,-0.003,0,0,0,0
1044,-0.0018,0.003,0,0,0,0
1045,-0.0018,-0.003,0,0,0,0
1046,-0.0018,-0.003,0,0,0,0
1047,-0.0018,0.003,0,0,0,0
1048,-0.0018,0,0,0,0,0
1049,-0.0018,0,0,0,0,0
1050,-0.0018,0,0,0,0,0
1051,-0.0018,0.003,0,0,0,0
1052,-0.0018,0.0061,0,0,0,0
1053,-0.0018,0,0,0,0,0
1054,-0.0018,-0.003,0,0,0,0
1055,-0.0018,0.003,0,0,0,0
1056,-0.0018,0.003,0,0,0,0
1057,-0.0018,0.003,0,0,0,0
1058,-0.0018,0,0,0,0,0
1059,-0.0018,-0.0061,0,0,0,0
1060,-0.0018,-0.003,0,0,0,0
1061,-0.0018,0,0,0,0,0
1062,-0.0018,0,0,0,0,0
1063,-0.0018,0.0061,0,0,0,0
1064,-0.0018,0,0,0,0,0
1065,-0.0018,0,0,0,0,0
1066,-0.0018,0.003,0,0,0,0
1067,-0.0018,0,0,0,0,0
1068,-0.0018,0.0091,0,0,0,0
1069,-0.0018,-0.0152,0,0,0,0
1070,-0.0018,-0.0091,0,0,0,0
1071,-0.0019,0.0213,0,0,0,0
1072,-0.0018,0.003,0,0,0,0
1073,-0.0018,-0.003,0,0,0,0
1074,-0.0018,-0.003,0,0,0,0
1075,-0.0018,-0.0152,0,0,0,0
1076,-0.0019,-0.003,0,0,0,0
1077,-0.0018,-0.0091,0,0,0,0
1078,-0.0018,0.003,0,0,0,0
1079,-0.0018,-0.003,0,0,0,0
1080,-0.0018,0,0,0,0,0
1081,-0.0018,0.0061,0,0,0,0
1082,-0.0018,-0.0061,0,0,0,0
1083,-0.0018,-0.0061,0,0,0,0
1084,-0.0018,-0.003,0,0,0,0
1085,-0.0018,0,0,0,0,0
1086,-0.0018,-0.003,0,0,0,0
1087,-0.0018,0,0,0,0,0
1088,-0.0018,-0.003,0,0,0,0
1089,-0.0019,-0.0091,0,0,0,0
1090,-0.0019,-0.0091,0,0,0,0
1091,-0.0019,-0.003,0,0,0,0
1092,-0.0019,0,0,0,0,0
1093,-0.0019,0.0061,0,0,0,0
1094,-0.0019,-0.0061,0,0,0,0
1095,-0.0019,-0.003,0,0,0,0
1096,-0.0019,0.003,0,0,0,0
1097,-0.0019,-0.003,0,0,0,0
1098,-0.0019,0,0,0,0,0
1099,-0.0019,0.0091,0,0,0,0
1100,-0.0019,0,0,0,0,0
1101,-0.0019,-0.0061,0,0,0,0
1102,-0.0019,0,0,0,0,0
1103,-0.0019,-0.003,0,0,0,0
1104,-0.0019,0.0061,0,0,0,0
1105,-0.0019,-0.003,0,0,0,0
1106,-0.0019,-0.003,0,0,0,0
1107,-0.002,-0.0061,0,0,0,0
1108,-0.002,0,0,0,0,0
1109,-0.002,-0.003,0,0,0,0
1110,-0.002,0,0,0,0,0
1111,-0.002,0.003,0,0,0,0
1112,-0.002,0.003,0,0,0,0
1113,-0.002,0.003,0,0,0,0
1114,-0.002,-0.003,0,0,0,0
1115,-0.002,-0.0061,0,0,0,0
1116,-0.002,0.0061,0,0,0,0
1117,-0.002,0.0061,0,0,0,0
1118,-0.002,0,0,0,0,0
1119,-0.002,-0.003,0,0,0,0
1120,-0.002,0,0,0,0,0
1121,-0.002,0,0,0,0,0
1122,-0.002,0,0,0,0,0
1123,-0.002,-0.0061,0,0,0,0
1124,-0.002,-0.0061,0,0,0,0
1125,-0.002,0,0,0,0,0
1126,-0.002,0,0,0,0,0
1127,-0.002,-0.003,0,0,0,0
1128,-0.002,0,0,0,0,0
1129,-0.002,-0.0061,0,0,0,0
1130,-0.002,0.003,0,0,0,0
1131,-0.0021,0.003,0,0,0,0
1132,-0.002,0,0,0,0,0
1133,-0.002,0.003,0,0,0,0
1134,-0.002,0.003,0,0,0,0
1135,-0.002,-0.0061,0,0,0,0
1136,-0.002,-0.003,0,0,0,0
1137,-0.002,0,0,0,0,0
1138,-0.002,-0.003,0,0,0,0
1139,-0.002,-0.003,0,0,0,0
1140,-0.002,0,0,0,0,0
1141,-0.002,-0.003,0,0,0,0
1142,-0.0021,-0.003,0,0,0,0
1143,-0.0021,0.003,0,0,0,0
1144,-0.0021,-0.003,0,0,0,0
1145,-0.0021,-0.0061,0,0,0,0
1146,-0.0021,-0.003,0,0,0,0
1147,-0.0021,0.0061,0,0,0,0
1148,-0.0021,-0.003,0,0,0,0
1149,-0.0021,0.003,0,0,0,0
1150,-0.002,0.003,0,0,0,0
1151,-0.002,0.0061,0,0,0,0
1152,-0.002,0.003,0,0,0,0
1153,-0.002,-0.0061,0,0,0,0
1154,-0.0021,0.0122,0,0,0,0
1155,-0.002,-0.0091,0,0,0,0
1156,-0.002,0,0,0,0,0
1157,-0.002,-0.003,0,0,0,0
1158,-0.002,-0.0061,0,0,0,0
1159,-0.002,0.0061,0,0,0,0
1160,-0.0021,-0.003,0,0,0,0
1161,-0.002,0,0,0,0,0
1162,-0.002,0.003,0,0,0,0
1163,-0.002,-0.003,0,0,0,0
1164,-0.002,0.0091,0,0,0,0
1165,-0.002,-0.003,0,0,0,0
1166,-0.002,-0.0061,0,0,0,0
1167,-0.002,-0.003,0,0,0,0
1168,-0.002,0.0091,0,0,0,0
1169,-0.002,0,0,0,0,0
1170,-0.002,-0.003,0,0,0,0
1171,-0.002,0.0061,0,0,0,0
1172,-0.002,-0.003,0,0,0,0
1173,-0.002,0.0091,0,0,0,0
1174,-0.002,0.003,0,0,0,0
1175,-0.002,0.003,0,0,0,0
1176,-0.002,0,0,0,0,0
1177,-0.002,0,0,0,0,0
1178,-0.002,0,0,0,0,0
1179,-0.002,0,0,0,0,0
1180,-0.002,0.003,0,0,0,0
1181,-0.002,0.003,0,0,0,0
1182,-0.002,0.0061,0,0,0,0
1183,-0.002,0,0,0,0,0
1184,-0.002,0.003,0,0,0,0
1185,-0.002,-0.0091,0,0,0,0
1186,-0.002,0.003,0,0,0,0
1187,-0.002,0,0,0,0,0
1188,-0.002,0.003,0,0,0,0
1189,-0.002,-0.003,0,0,0,0
1190,-0.002,0.003,0,0,0,0
1191,-0.002,0,0,0,0,0
1192,-0.002,-0.0061,0,0,0,0
1193,-0.002,0,0,0,0,0
1194,-0.002,0.0061,0,0,0,0
1195,-0.0021,-0.003,0,0,0,0
1196,-0.002,-0.003,0,0,0,0
1197,-0.0021,-0.003,0,0,0,0
1198,-0.002,0.0061,0,0,0,0
1199,-0.0021,-0.0061,0,0,0,0
1200,-0.002,0.003,0,0,0,0
1201,-0.002,0,0,0,0,0
1202,-0.0021,0,0,0,0,0
1203,-0.0021,0.0061,0,0,0,0
1204,-0.0021,-0.003,0,0,0,0
1205,-0.0021,0.003,0,0,0,0
1206,-0.0021,0,0,0,0,0
1207,-0.0021,0.003,0,0,0,0
1208,-0.0021,0.003,0,0,0,0
1209,-0.0021,0.003,0,0,0,0
1210,-0.0021,0,0,0,0,0
1211,-0.0021,0,0,0,0,0
1212,-0.0021,-0.0061,0,0,0,0
1213,-0.0021,-0.003,0,0,0,0
1214,-0.0021,0.0061,0,0,0,0
1215,-0.0021,-0.003,0,0,0,0
1216,-0.0021,0,0,0,0,0
1217,-0.0021,-0.0061,0,0,0,0
1218,-0.0021,0.003,0,0,0,0
1219,-0.0021,-0.0091,0,0,0,0
1220,-0.0021,-0.003,0,0,0,0
1221,-0.0021,0.003,0,0,0,0
1222,-0.0021,-0.003,0,0,0,0
1223,-0.0021,0,0,0,0,0
1224,-0.0021,-0.003,0,0,0,0
1225,-0.0021,0,0,0,0,0
1226,-0.0021,0.003,0,0,0,0
1227,-0.0021,-0.003,0,0,0,0
1228,-0.0021,0,0,0,0,0
1229,-0.0021,-0.003,0,0,0,0
1230,-0.0021,-0.0061,0,0,0,0
1231,-0.0021,-0.0061,0,0,0,0
1232,-0.0021,0,0,0,0,0
1233,-0.0021,0,0,0,0,0
1234,-0.0021,-0.003,0,0,0,0
1235,-0.0021,-0.003,0,0,0,0
1236,-0.0022,0.003,0,0,0,0
1237,-0.0022,0,0,0,0,0
1238,-0.0022,0.003,0,0,0,0
1239,-0.0022,-0.0061,0,0,0,0
1240,-0.0022,-0.003,0,0,0,0
1241,-0.0022,-0.0061,0,0,0,0
1242,-0.0022,-0.003,0,0,0,0
1243,-0.0022,0,0,0,0,0
1244,-0.0022,-0.003,0,0,0,0
1245,-0.0022,0.003,0,0,0,0
1246,-0.0022,-0.003,0,0,0,0
1247,-0.0022,0.003,0,0,0,0
1248,-0.0022,0,0,0,0,0
1249,-0.0022,0,0,0,0,0
1250,-0.0022,0.003,0,0,0,0
1251,-0.0022,0,0,0,0,0
1252,-0.0022,0,0,0,0,0
1253,-0.0022,0,0,0,0,0
1254,-0.0022,-0.003,0,0,0,0
1255,-0.0022,0.003,0,0,0,0
1256,-0.0022,0,0,0,0,0
1257,-0.0022,-0.003,0,0,0,0
1258,-0.0022,-0.0061,0,0,0,0
1259,-0.0023,0,0,0,0,0
1260,-0.0023,0,0,0,0,0
1261,-0.0023,-0.003,0,0,0,0
1262,-0.0023,-0.003,0,0,0,0
1263,-0.0023,-0.0061,0,0,0,0
1264,-0.0023,0,0,0,0,0
1265,-0.0023,0.0061,0,0,0,0
1266,-0.0023,-0.0061,0,0,0,0
1267,-0.0023,0.0061,0,0,0,0
1268,-0.0023,-0.003,0,0,0,0
1269,-0.0023,-0.0061,0,0,0,0
1270,-0.0023,0,0,0,0,0
1271,-0.0023,0,0,0,0,0
1272,-0.0023,-0.003,0,0,0,0
1273,-0.0023,-0.003,0,0,0,0
1274,-0.0023,0.003,0,0,0,0
1275,-0.0023,-0.003,0,0,0,0
1276,-0.0023,0.003,0,0,0,0
1277,-0.0023,0.003,0,0,0,0
1278,-0.0023,0,0,0,0,0
1279,-0.0023,-0.003,0,0,0,0
1280,-0.0023,0.003,0,0,0,0
1281,-0.0023,-0.003,0,0,0,0
1282,-0.0023,0.0061,0,0,0,0
1283,-0.0023,0.003,0,0,0,0
1284,-0.0024,0,0,0,0,0
1285,-0.0023,0,0,0,0,0
1286,-0.0024,0,0,0,0,0
1287,-0.0024,-0.0061,0,0,0,0
1288,-0.0024,0,0,0,0,0
1289,-0.0024,-0.003,0,0,0,0
1290,-0.0024,-0.003,0,0,0,0
1291,-0.0024,0,0,0,0,0
1292,-0.0024,-0.003,0,0,0,0
1293,-0.0024,-0.003,0,0,0,0
1294,-0.0024,0,0,0,0,0
1295,-0.0024,-0.003,0,0,0,0
1296,-0.0024,-0.003,0,0,0,0
1297,-0.0024,-0.003,0,0,0,0
1298,-0.0024,-0.0061,0,0,0,0
1299,-0.0024,0,0,0,0,0
1300,-0.0024,0.003,0,0,0,0
1301,-0.0024,-0.003,0,0,0,0
1302,-0.0024,0,0,0,0,0
1303,-0.0024,-0.003,0,0,0,0
1304,-0.0024,0,0,0,0,0
1305,-0.0024,-0.003,0,0,0,0
1306,-0.0024,-0.003,0,0,0,0
1307,-0.0024,-0.003,0,0,0,0
1308,-0.0024,0,0,0,0,0
1309,-0.0025,0,0,0,0,0
1310,-0.0025,0.003,0,0,0,0
1311,-0.0025,-0.003,0,0,0,0
1312,-0.0025,0,0,0,0,0
1313,-0.0025,-0.003,0,0,0,0
1314,-0.0025,-0.003,0,0,0,0
1315,-0.0025,0,0,0,0,0
1316,-0.0025,0.003,0,0,0,0
1317,-0.0025,0,0,0,0,0
1318,-0.0025,-0.0061,0,0,0,0
1319,-0.0025,-0.0061,0,0,0,0
1320,-0.0025,0,0,0,0,0
1321,-0.0026,0,0,0,0,0
1322,-0.0026,-0.0061,0,0,0,0
1323,-0.0026,-0.003,0,0,0,0
1324,-0.0026,-0.003,0,0,0,0
1325,-0.0026,-0.0061,0,0,0,0
1326,-0.0026,-0.003,0,0,0,0
1327,-0.0027,0,0,0,0,0
1328,-0.0027,-0.0061,0,0,0,0
1329,-0.0027,-0.003,0,0,0,0
1330,-0.0027,-0.0122,0,0,0,0
1331,-0.0027,0,0,0,0,0
1332,-0.0027,-0.0091,0,0,0,0
1333,-0.0027,-0.003,0,0,0,0
1334,-0.0027,-0.003,0,0,0,0
1335,-0.0027,-0.003,0,0,0,0
1336,-0.0027,-0.0061,0,0,0,0
1337,-0.0027,-0.0061,0,0,0,0
1338,-0.0028,-0.003,0,0,0,0
1339,-0.0028,0,0,0,0,0
1340,-0.0028,-0.003,0,0,0,0
1341,-0.0028,-0.0061,0,0,0,0
1342,-0.0028,-0.003,0,0,0,0
1343,-0.0028,0,0,0,0,0
1344,-0.0028,-0.003,0,0,0,0
1345,-0.0028,0.0061,0,0,0,0
1346,-0.0028,-0.003,0,0,0,0
1347,-0.0028,-0.003,0,0,0,0
1348,-0.0028,-0.003,0,0,0,0
1349,-0.0028,-0.003,0,0,0,0
1350,-0.0028,-0.0061,0,0,0,0
1351,-0.0028,-0.003,0,0,0,0
1352,-0.0028,0,0,0,0,0
1353,-0.0028,0,0,0,0,0
1354,-0.0028,0.003,0,0,0,0
1355,-0.0029,-0.003,0,0,0,0
1356,-0.0029,0.003,0,0,0,0
1357,-0.0029,-0.003,0,0,0,0
1358,-0.0029,0.003,0,0,0,0
1359,-0.0029,0,0,0,0,0
1360,-0.0029,0,0,0,0,0
1361,-0.0029,-0.003,0,0,0,0
1362,-0.0029,0,0,0,0,0
1363,-0.0029,0,0,0,0,0
1364,-0.0029,0,0,0,0,0
1365,-0.0029,0.003,0,0,0,0
1366,-0.0029,-0.003,0,0,0,0
1367,-0.0029,-0.0091,0,0,0,0
1368,-0.0029,-0.003,0,0,0,0
1369,-0.0029,-0.0061,0,0,0,0
1370,-0.0029,-0.003,0,0,0,0
1371,-0.0029,0.003,0,0,0,0
1372,-0.0029,0,0,0,0,0
1373,-0.0029,-0.003,0,0,0,0
1374,-0.0029,-0.003,0,0,0,0
1375,-0.0029,0.003,0,0,0,0
1376,-0.0029,-0.003,0,0,0,0
1377,-0.0029,0,0,0,0,0
1378,-0.0029,-0.0061,0,0,0,0
1379,-0.0029,0,0,0,0,0
1380,-0.0029,0,0,0,0,0
1381,-0.0029,-0.0061,0,0,0,0
1382,-0.0029,-0.0091,0,0,0,0
1383,-0.0029,0,0,0,0,0
1384,-0.0029,-0.0061,0,0,0,0
1385,-0.0029,0,0,0,0,0
1386,-0.0029,-0.0061,0,0,0,0
1387,-0.0029,0,0,0,0,0
1388,-0.0029,-0.0061,0,0,0,0
1389,-0.0029,0.0061,0,0,0,0
1390,-0.0029,-0.003,0,0,0,0
1391,-0.0029,0,0,0,0,0
1392,-0.0029,0,0,0,0,0
1393,-0.0029,0.0061,0,0,0,0
1394,-0.0029,0,0,0,0,0
1395,-0.0029,0.003,0,0,0,0
1396,-0.0029,0,0,0,0,0
1397,-0.0029,-0.003,0,0,0,0
1398,-0.0029,0,0,0,0,0
1399,-0.0029,-0.0061,0,0,0,0
1400,-0.003,-0.0061,0,0,0,0
1401,-0.003,0,0,0,0,0
1402,-0.003,0,0,0,0,0
1403,-0.003,0.003,0,0,0,0
1404,-0.003,-0.003,0,0,0,0
1405,-0.003,-0.003,0,0,0,0
1406,-0.003,-0.003,0,0,0,0
1407,-0.003,0.003,0,0,0,0
1408,-0.003,-0.0061,0,0,0,0
1409,-0.003,0,0,0,0,0
1410,-0.003,0,0,0,0,0
1411,-0.003,0,0,0,0,0
1412,-0.003,0,0,0,0,0
1413,-0.003,-0.0061,0,0,0,0
1414,-0.003,-0.0091,0,0,0,0
1415,-0.003,0.003,0,0,0,0
1416,-0.003,-0.0061,0,0,0,0
1417,-0.0031,-0.003,0,0,0,0
1418,-0.0031,-0.0061,0,0,0,0
1419,-0.0031,-0.0091,0,0,0,0
1420,-0.0031,-0.0122,0,0,0,0
1421,-0.0032,-0.0122,0,0,0,0
1422,-0.0032,0,0,0,0,0
1423,-0.0032,-0.0122,0,0,0,0
1424,-0.0033,-0.0061,0,0,0,0
1425,-0.0033,-0.0152,0,0,0,0
1426,-0.0033,-0.003,0,0,0,0
1427,-0.0034,-0.0183,0,0,0,0
1428,-0.0034,-0.0061,0,0,0,0
1429,-0.0034,-0.003,0,0,0,0
1430,-0.0035,-0.0274,0,0,0,0
1431,-0.0036,-0.0365,0,0,0,0
1432,-0.0037,-0.0396,0,0,0,0
1433,-0.0038,-0.0304,0,0,0,0
1434,-0.0039,-0.0274,0,0,0,0
1435,-0.0041,-0.0426,0,0,0,0
1436,-0.0043,-0.0517,0,0,0,0
1437,-0.0044,-0.0274,0,0,0,0
1438,-0.0045,-0.0213,0,0,0,0
1439,-0.0046,-0.0243,0,0,0,0
1440,-0.0047,-0.0183,0,0,0,0
1441,-0.0048,-0.0213,0,0,0,0
1442,-0.0048,-0.0213,0,0,0,0
1443,-0.0048,-0.0152,0,0,0,0
1444,-0.005,-0.0243,0,0,0,0
1445,-0.005,-0.0304,0,0,0,0
1446,-0.0051,-0.0243,0,0,0,0
1447,-0.0052,-0.0213,0,0,0,0
1448,-0.0052,-0.0213,0,0,0,0
1449,-0.0053,-0.0274,0,0,0,0
1450,-0.0054,-0.0335,0,0,0,0
1451,-0.0055,-0.0304,0,0,0,0
1452,-0.0056,-0.0152,0,0,0,0
1453,-0.0057,-0.0152,0,0,0,0
1454,-0.0057,-0.0122,0,0,0,0
1455,-0.0058,-0.003,0,0,0,0
1456,-0.0058,-0.003,0,0,0,0
1457,-0.0058,0,0,0,0,0
1458,-0.0058,0,0,0,0,0
1459,-0.0058,0,0,0,0,0
1460,-0.0058,-0.0061,0,0,0,0
1461,-0.0058,0,0,0,0,0
1462,-0.0058,-0.0061,0,0,0,0
1463,-0.0058,0,0,0,0,0
1464,-0.0059,-0.0122,0,0,0,0
1465,-0.0059,-0.0122,0,0,0,0
1466,-0.0059,0,0,0,0,0
1467,-0.0059,-0.0061,0,0,0,0
1468,-0.0059,-0.003,0,0,0,0
1469,-0.006,0,0,0,0,0
1470,-0.0059,-0.0061,0,0,0,0
1471,-0.006,-0.0091,0,0,0,0
1472,-0.006,-0.003,0,0,0,0
1473,-0.006,-0.0061,0,0,0,0
1474,-0.006,0,0,0,0,0
1475,-0.006,-0.0091,0,0,0,0
1476,-0.006,-0.003,0,0,0,0
1477,-0.006,-0.0091,0,0,0,0
1478,-0.006,0,0,0,0,0
1479,-0.006,-0.003,0,0,0,0
1480,-0.006,-0.0061,0,0,0,0
1481,-0.006,0.003,0,0,0,0
1482,-0.006,-0.003,0,0,0,0
1483,-0.006,-0.003,0,0,0,0
1484,-0.0061,0.003,0,0,0,0
1485,-0.0061,-0.003,0,0,0,0
1486,-0.0061,0,0,0,0,0
1487,-0.0061,-0.0061,0,0,0,0
1488,-0.0061,-0.003,0,0,0,0
1489,-0.0061,0.003,0,0,0,0
1490,-0.0061,-0.0122,0,0,0,0
1491,-0.0061,0,0,0,0,0
1492,-0.0061,0,0,0,0,0
1493,-0.0061,0.0061,0,0,0,0
1494,-0.0061,-0.0091,0,0,0,0
1495,-0.0061,0,0,0,0,0
1496,-0.0061,-0.0061,0,0,0,0
1497,-0.0061,0.0061,0,0,0,0
1498,-0.0061,-0.003,0,0,0,0
1499,-0.0062,-0.003,0,0,0,0
1500,-0.0062,-0.0061,0,0,0,0
1501,-0.0062,0.0061,0,0,0,0
1502,-0.0062,0,0,0,0,0
1503,-0.0062,0.0091,0,0,0,0
1504,-0.0062,0.0061,0,0,0,0
1505,-0.0062,0,0,0,0,0
1506,-0.0062,-0.003,0,0,0,0
1507,-0.0062,0,0,0,0,0
1508,-0.0062,0,0,0,0,0
1509,-0.0062,0,0,0,0,0
1510,-0.0062,0.003,0,0,0,0
1511,-0.0062,-0.003,0,0,0,0
1512,-0.0062,0,0,0,0,0
1513,-0.0062,0,0,0,0,0
1514,-0.0063,-0.003,0,0,0,0
1515,-0.0062,-0.003,0,0,0,0
1516,-0.0063,-0.003,0,0,0,0
1517,-0.0063,0.003,0,0,0,0
1518,-0.0062,-0.0061,0,0,0,0
1519,-0.0063,-0.003,0,0,0,0
1520,-0.0063,-0.0061,0,0,0,0
1521,-0.0063,-0.003,0,0,0,0
1522,-0.0063,-0.003,0,0,0,0
1523,-0.0063,0,0,0,0,0
1524,-0.0063,-0.0061,0,0,0,0
1525,-0.0063,-0.003,0,0,0,0
1526,-0.0063,0.0061,0,0,0,0
1527,-0.0063,-0.0061,0,0,0,0
1528,-0.0063,0,0,0,0,0
1529,-0.0063,-0.0061,0,0,0,0
1530,-0.0063,0,0,0,0,0
1531,-0.0063,-0.003,0,0,0,0
1532,-0.0063,0,0,0,0,0
1533,-0.0063,0.0061,0,0,0,0
1534,-0.0063,-0.003,0,0,0,0
1535,-0.0063,0.003,0,0,0,0
1536,-0.0063,-0.0061,0,0,0,0
1537,-0.0063,-0.0061,0,0,0,0
1538,-0.0063,-0.0061,0,0,0,0
1539,-0.0063,-0.0061,0,0,0,0
1540,-0.0063,-0.0061,0,0,0,0
1541,-0.0063,0,0,0,0,0
1542,-0.0063,-0.003,0,0,0,0
1543,-0.0063,-0.003,0,0,0,0
1544,-0.0064,-0.003,0,0,0,0
1545,-0.0064,0.003,0,0,0,0
1546,-0.0064,-0.003,0,0,0,0
1547,-0.0064,-0.0091,0,0,0,0
1548,-0.0064,-0.003,0,0,0,0
1549,-0.0064,0.003,0,0,0,0
1550,-0.0064,0.0061,0,0,0,0
1551,-0.0064,-0.003,0,0,0,0
1552,-0.0064,-0.0061,0,0,0,0
1553,-0.0064,-0.003,0,0,0,0
1554,-0.0064,-0.0061,0,0,0,0
1555,-0.0064,0,0,0,0,0
1556,-0.0064,-0.003,0,0,0,0
1557,-0.0064,0.0122,0,0,0,0
1558,-0.0064,-0.0061,0,0,0,0
1559,-0.0064,0.0061,0,0,0,0
1560,-0.0064,-0.0061,0,0,0,0
1561,-0.0064,0.003,0,0,0,0
1562,-0.0064,0.0061,0,0,0,0
1563,-0.0064,0.0061,0,0,0,0
1564,-0.0064,0.003,0,0,0,0
1565,-0.0064,0,0,0,0,0
1566,-0.0064,0.003,0,0,0,0
1567,-0.0064,0.003,0,0,0,0
1568,-0.0064,0,0,0,0,0
1569,-0.0064,0,0,0,0,0
1570,-0.0064,-0.0061,0,0,0,0
1571,-0.0064,0,0,0,0,0
1572,-0.0064,-0.0091,0,0,0,0
1573,-0.0064,-0.003,0,0,0,0
1574,-0.0064,-0.0091,0,0,0,0
1575,-0.0064,0.0061,0,0,0,0
1576,-0.0064,-0.0091,0,0,0,0
1577,-0.0064,0,0,0,0,0
1578,-0.0064,0,0,0,0,0
1579,-0.0064,0,0,0,0,0
1580,-0.0064,-0.003,0,0,0,0
1581,-0.0064,-0.003,0,0,0,0
1582,-0.0064,0,0,0,0,0
1583,-0.0064,-0.003,0,0,0,0
1584,-0.0064,0,0,0,0,0
1585,-0.0064,0.0061,0,0,0,0
1586,-0.0064,0.003,0,0,0,0
1587,-0.0064,-0.003,0,0,0,0
1588,-0.0064,0,0,0,0,0
1589,-0.0064,0,0,0,0,0
1590,-0.0064,0,0,0,0,0
1591,-0.0064,0,0,0,0,0
1592,-0.0064,0,0,0,0,0
1593,-0.0064,-0.003,0,0,0,0
1594,-0.0064,0.003,0,0,0,0
1595,-0.0064,-0.0091,0,0,0,0
1596,-0.0064,0.0061,0,0,0,0
1597,-0.0064,0.003,0,0,0,0
1598,-0.0064,0,0,0,0,0
1599,-0.0064,-0.003,0,0,0,0
1600,-0.0064,0.0061,0,0,0,0
1601,-0.0064,-0.003,0,0,0,0
1602,-0.0065,-0.003,0,0,0,0
1603,-0.0065,0,0,0,0,0
1604,-0.0065,0,0,0,0,0
1605,-0.0065,0.003,0,0,0,0
1606,-0.0065,0.003,0,0,0,0
1607,-0.0065,-0.003,0,0,0,0
1608,-0.0065,-0.0061,0,0,0,0
1609,-0.0065,-0.003,0,0,0,0
1610,-0.0065,-0.0061,0,0,0,0
1611,-0.0065,-0.0061,0,0,0,0
1612,-0.0065,-0.0091,0,0,0,0
1613,-0.0065,0.003,0,0,0,0
1614,-0.0065,0.003,0,0,0,0
1615,-0.0065,-0.0061,0,0,0,0
1616,-0.0065,0,0,0,0,0
1617,-0.0065,0,0,0,0,0
1618,-0.0065,-0.003,0,0,0,0
1619,-0.0065,0.003,0,0,0,0
1620,-0.0065,0.003,0,0,0,0
1621,-0.0065,-0.0061,0,0,0,0
1622,-0.0065,0.003,0,0,0,0
1623,-0.0065,0.003,0,0,0,0
1624,-0.0065,-0.003,0,0,0,0
1625,-0.0065,-0.003,0,0,0,0
1626,-0.0065,0,0,0,0,0
1627,-0.0065,-0.003,0,0,0,0
1628,-0.0065,0,0,0,0,0
1629,-0.0065,0,0,0,0,0
1630,-0.0065,0.003,0,0,0,0
1631,-0.0065,0.0091,0,0,0,0
1632,-0.0065,-0.0061,0,0,0,0
1633,-0.0065,0,0,0,0,0
1634,-0.0065,-0.003,0,0,0,0
1635,-0.0065,-0.003,0,0,0,0
1636,-0.0065,0,0,0,0,0
1637,-0.0065,-0.0091,0,0,0,0
1638,-0.0066,0,0,0,0,0
1639,-0.0066,-0.0061,0,0,0,0
1640,-0.0066,-0.003,0,0,0,0
1641,-0.0066,0,0,0,0,0
1642,-0.0066,-0.0061,0,0,0,0
1643,-0.0066,0,0,0,0,0
1644,-0.0066,0.003,0,0,0,0
1645,-0.0066,-0.0091,0,0,0,0
1646,-0.0066,-0.0122,0,0,0,0
1647,-0.0067,0,0,0,0,0
1648,-0.0067,-0.003,0,0,0,0
1649,-0.0067,-0.003,0,0,0,0
1650,-0.0067,-0.0061,0,0,0,0
1651,-0.0067,0,0,0,0,0
1652,-0.0067,-0.003,0,0,0,0
1653,-0.0067,-0.003,0,0,0,0
1654,-0.0067,-0.0122,0,0,0,0
1655,-0.0068,-0.0061,0,0,0,0
1656,-0.0068,-0.0061,0,0,0,0
1657,-0.0068,-0.0061,0,0,0,0
1658,-0.0068,-0.0061,0,0,0,0
1659,-0.0068,-0.0061,0,0,0,0
1660,-0.0068,-0.0061,0,0,0,0
1661,-0.0069,-0.0061,0,0,0,0
1662,-0.0069,0,0,0,0,0
1663,-0.0069,0.0061,0,0,0,0
1664,-0.0069,0,0,0,0,0
1665,-0.0069,-0.0091,0,0,0,0
1666,-0.0069,-0.0061,0,0,0,0
1667,-0.0069,-0.003,0,0,0,0
1668,-0.0069,0,0,0,0,0
1669,-0.0069,0.003,0,0,0,0
1670,-0.0069,-0.0122,0,0,0,0
1671,-0.007,-0.0061,0,0,0,0
1672,-0.007,0,0,0,0,0
1673,-0.007,-0.0061,0,0,0,0
1674,-0.007,0,0,0,0,0
1675,-0.007,-0.0091,0,0,0,0
1676,-0.007,0,0,0,0,0
1677,-0.007,-0.0061,0,0,0,0
1678,-0.007,-0.0061,0,0,0,0
1679,-0.0071,-0.0061,0,0,0,0
1680,-0.0071,-0.0091,0,0,0,0
1681,-0.0071,0,0,0,0,0
1682,-0.0071,-0.0061,0,0,0,0
1683,-0.0071,-0.0091,0,0,0,0
1684,-0.0071,-0.0061,0,0,0,0
1685,-0.0072,-0.003,0,0,0,0
1686,-0.0072,-0.0122,0,0,0,0
1687,-0.0072,-0.003,0,0,0,0
1688,-0.0072,0,0,0,0,0
1689,-0.0072,0.0061,0,0,0,0
1690,-0.0072,0,0,0,0,0
1691,-0.0072,-0.003,0,0,0,0
1692,-0.0072,-0.0091,0,0,0,0
1693,-0.0072,-0.0061,0,0,0,0
1694,-0.0072,0.003,0,0,0,0
1695,-0.0073,0.003,0,0,0,0
1696,-0.0073,-0.003,0,0,0,0
1697,-0.0073,-0.0061,0,0,0,0
1698,-0.0073,-0.0091,0,0,0,0
1699,-0.0073,-0.0061,0,0,0,0
1700,-0.0073,-0.003,0,0,0,0
1701,-0.0073,-0.003,0,0,0,0
1702,-0.0073,-0.003,0,0,0,0
1703,-0.0073,0,0,0,0,0
1704,-0.0074,-0.0061,0,0,0,0
1705,-0.0074,-0.003,0,0,0,0
1706,-0.0074,-0.0061,0,0,0,0
1707,-0.0074,0,0,0,0,0
1708,-0.0074,0,0,0,0,0
1709,-0.0074,-0.0091,0,0,0,0
1710,-0.0074,-0.0061,0,0,0,0
1711,-0.0074,0,0,0,0,0
1712,-0.0074,-0.003,0,0,0,0
1713,-0.0075,-0.0061,0,0,0,0
1714,-0.0075,0.003,0,0,0,0
1715,-0.0075,0,0,0,0,0
1716,-0.0075,-0.0061,0,0,0,0
1717,-0.0075,0,0,0,0,0
1718,-0.0075,0,0,0,0,0
1719,-0.0075,0.003,0,0,0,0
1720,-0.0075,0,0,0,0,0
1721,-0.0075,-0.003,0,0,0,0
1722,-0.0075,-0.0061,0,0,0,0
1723,-0.0075,-0.003,0,0,0,0
1724,-0.0075,0.0061,0,0,0,0
1725,-0.0075,0,0,0,0,0
1726,-0.0075,0.0061,0,0,0,0
1727,-0.0075,0.0061,0,0,0,0
1728,-0.0075,0.0061,0,0,0,0
1729,-0.0075,0.0122,0,0,0,0
1730,-0.0075,-0.0091,0,0,0,0
1731,-0.0075,0,0,0,0,0
1732,-0.0075,0.003,0,0,0,0
1733,-0.0075,-0.0061,0,0,0,0
1734,-0.0075,-0.003,0,0,0,0
1735,-0.0074,0,0,0,0,0
1736,-0.0074,0,0,0,0,0
1737,-0.0074,0.003,0,0,0,0
1738,-0.0074,0.0091,0,0,0,0
1739,-0.0074,0.0061,0,0,0,0
1740,-0.0074,0,0,0,0,0
1741,-0.0074,0.0061,0,0,0,0
1742,-0.0074,0.0061,0,0,0,0
1743,-0.0074,0.003,0,0,0,0
1744,-0.0074,-0.003,0,0,0,0
1745,-0.0074,-0.003,0,0,0,0
1746,-0.0074,0,0,0,0,0
1747,-0.0074,-0.003,0,0,0,0
1748,-0.0074,0,0,0,0,0
1749,-0.0074,0.0091,0,0,0,0
1750,-0.0074,0,0,0,0,0
1751,-0.0074,0.0061,0,0,0,0
1752,-0.0074,0.003,0,0,0,0
1753,-0.0074,0,0,0,0,0
1754,-0.0074,0.0061,0,0,0,0
1755,-0.0074,0,0,0,0,0
1756,-0.0073,0,0,0,0,0
1757,-0.0073,0,0,0,0,0
1758,-0.0073,-0.003,0,0,0,0
1759,-0.0073,0,0,0,0,0
1760,-0.0073,-0.0061,0,0,0,0
1761,-0.0073,0.0061,0,0,0,0
1762,-0.0073,-0.003,0,0,0,0
1763,-0.0073,0.003,0,0,0,0
1764,-0.0073,-0.0061,0,0,0,0
1765,-0.0073,0,0,0,0,0
1766,-0.0073,0,0,0,0,0
1767,-0.0073,-0.003,0,0,0,0
1768,-0.0073,0,0,0,0,0
1769,-0.0073,-0.003,0,0,0,0
1770,-0.0073,-0.003,0,0,0,0
1771,-0.0073,-0.003,0,0,0,0
1772,-0.0073,0.003,0,0,0,0
1773,-0.0073,-0.0061,0,0,0,0
1774,-0.0073,-0.003,0,0,0,0
1775,-0.0073,0.003,0,0,0,0
1776,-0.0073,-0.0061,0,0,0,0
1777,-0.0073,-0.003,0,0,0,0
1778,-0.0073,0,0,0,0,0
1779,-0.0073,0.0061,0,0,0,0
1780,-0.0073,0.003,0,0,0,0
1781,-0.0073,0.003,0,0,0,0
1782,-0.0073,-0.003,0,0,0,0
1783,-0.0073,0.003,0,0,0,0
1784,-0.0073,0.0061,0,0,0,0
1785,-0.0073,-0.003,0,0,0,0
1786,-0.0073,0.0091,0,0,0,0
1787,-0.0073,0,0,0,0,0
1788,-0.0073,0.0061,0,0,0,0
1789,-0.0073,-0.0061,0,0,0,0
1790,-0.0073,-0.0061,0,0,0,0
1791,-0.0073,0,0,0,0,0
1792,-0.0073,-0.003,0,0,0,0
1793,-0.0073,0,0,0,0,0
1794,-0.0073,-0.003,0,0,0,0
1795,-0.0073,0.003,0,0,0,0
1796,-0.0073,-0.003,0,0,0,0
1797,-0.0073,-0.003,0,0,0,0
1798,-0.0073,0.003,0,0,0,0
1799,-0.0073,-0.0091,0,0,0,0
1800,-0.0073,-0.003,0,0,0,0
1801,-0.0073,-0.003,0,0,0,0
1802,-0.0073,0.0091,0,0,0,0
1803,-0.0073,-0.0091,0,0,0,0
1804,-0.0073,0.003,0,0,0,0
1805,-0.0073,0.003,0,0,0,0
1806,-0.0073,-0.003,0,0,0,0
1807,-0.0073,0.003,0,0,0,0
1808,-0.0073,0.003,0,0,0,0
1809,-0.0073,-0.0061,0,0,0,0
1810,-0.0073,-0.0061,0,0,0,0
1811,-0.0073,0,0,0,0,0
1812,-0.0073,0.003,0,0,0,0
1813,-0.0073,0.003,0,0,0,0
1814,-0.0073,0,0,0,0,0
1815,-0.0073,-0.003,0,0,0,0
1816,-0.0073,0,0,0,0,0
1817,-0.0073,0.003,0,0,0,0
1818,-0.0073,0.0091,0,0,0,0
1819,-0.0073,-0.003,0,0,0,0
1820,-0.0073,-0.0061,0,0,0,0
1821,-0.0073,0.0091,0,0,0,0
1822,-0.0073,-0.0061,0,0,0,0
1823,-0.0073,-0.0061,0,0,0,0
1824,-0.0073,-0.0061,0,0,0,0
1825,-0.0073,0.003,0,0,0,0
1826,-0.0073,-0.0061,0,0,0,0
1827,-0.0073,-0.003,0,0,0,0
1828,-0.0073,-0.003,0,0,0,0
1829,-0.0073,0.0152,0,0,0,0
1830,-0.0073,-0.0091,0,0,0,0
1831,-0.0073,0,0,0,0,0
1832,-0.0073,0.0091,0,0,0,0
1833,-0.0073,0.0061,0,0,0,0
1834,-0.0073,-0.0061,0,0,0,0
1835,-0.0073,-0.003,0,0,0,0
1836,-0.0073,0.003,0,0,0,0
1837,-0.0073,-0.0061,0,0,0,0
1838,-0.0073,0.003,0,0,0,0
1839,-0.0073,0,0,0,0,0
1840,-0.0073,0.003,0,0,0,0
1841,-0.0073,-0.0152,0,0,0,0
1842,-0.0073,0.0091,0,0,0,0
1843,-0.0073,0.003,0,0,0,0
1844,-0.0073,0.003,0,0,0,0
1845,-0.0073,-0.003,0,0,0,0
1846,-0.0073,0,0,0,0,0
1847,-0.0074,0.0061,0,0,0,0
1848,-0.0074,0,0,0,0,0
1849,-0.0073,-0.0061,0,0,0,0
1850,-0.0074,-0.003,0,0,0,0
1851,-0.0074,-0.003,0,0,0,0
1852,-0.0074,0.003,0,0,0,0
1853,-0.0074,-0.0091,0,0,0,0
1854,-0.0074,0,0,0,0,0
1855,-0.0074,0,0,0,0,0
1856,-0.0074,0,0,0,0,0
1857,-0.0074,-0.003,0,0,0,0
1858,-0.0074,-0.003,0,0,0,0
1859,-0.0074,-0.003,0,0,0,0
1860,-0.0074,0,0,0,0,0
1861,-0.0074,-0.0122,0,0,0,0
1862,-0.0074,0,0,0,0,0
1863,-0.0074,0,0,0,0,0
1864,-0.0074,0,0,0,0,0
1865,-0.0074,0,0,0,0,0
1866,-0.0074,-0.0061,0,0,0,0
1867,-0.0074,0,0,0,0,0
1868,-0.0075,-0.003,0,0,0,0
1869,-0.0075,0,0,0,0,0
1870,-0.0075,0,0,0,0,0
1871,-0.0075,-0.0061,0,0,0,0
1872,-0.0075,-0.0061,0,0,0,0
1873,-0.0076,-0.0061,0,0,0,0
1874,-0.0076,0.0061,0,0,0,0
1875,-0.0076,-0.0091,0,0,0,0
1876,-0.0077,-0.0183,0,0,0,0
1877,-0.0078,-0.0122,0,0,0,0
1878,-0.0078,-0.0091,0,0,0,0
1879,-0.0079,-0.0274,0,0,0,0
1880,-0.008,-0.0274,0,0,0,0
1881,-0.0082,-0.0304,0,0,0,0
1882,-0.0083,-0.0274,0,0,0,0
1883,-0.0085,-0.0335,0,0,0,0
1884,-0.0086,-0.0274,0,0,0,0
1885,-0.0088,-0.0335,0,0,0,0
1886,-0.0089,-0.0213,0,0,0,0
1887,-0.009,-0.07,0,0,0,0
1888,-0.0093,-0.14,0,0,0,0
1889,-0.0104,-0.2282,0,0,0,0
1890,-0.0116,-0.2069,0,0,0,0
1891,-0.0125,-0.1765,0,0,0,0
1892,-0.0131,-0.1613,0,0,0,0
1893,-0.0141,-0.2039,0,0,0,0
1894,-0.015,-0.4321,0,0,0,0
1895,-0.0281,-0.3621,0,0,0,0
1896,-0.0294,-0.2891,0,0,0,0
1897,-0.0305,-0.2221,0,0,0,0
1898,-0.0315,-0.1521,0,0,0,0
1899,-0.0319,-0.1156,0,0,0,0
1900,-0.0325,-0.07,0,0,0,0
1901,-0.0328,-0.0822,0,0,0,0
1902,-0.0333,-0.0974,0,0,0,0
1903,-0.0336,-0.1126,0,0,0,0
1904,-0.0343,-0.1308,0,0,0,0
1905,-0.0348,-0.1278,0,0,0,0
1906,-0.0355,-0.1248,0,0,0,0
1907,-0.0358,-0.1126,0,0,0,0
1908,-0.0364,-0.0822,0,0,0,0
1909,-0.0366,-0.07,0,0,0,0
1910,-0.0369,-0.0487,0,0,0,0
1911,-0.0371,-0.0335,0,0,0,0
1912,-0.0373,-0.0396,-1,0,0,0
1913,-0.0374,-0.0396,0,0,0,0
1914,-0.0377,-0.0487,0,0,0,0
1915,-0.0379,-0.0639,0,0,0,0
1916,-0.0382,-0.0517,0,0,0,0
1917,-0.0383,-0.0639,0,0,0,0
1918,-0.0386,-0.0487,0,0,0,0
1919,-0.0388,-0.0487,0,0,0,0
1920,-0.039,-0.0365,0,0,0,0
1921,-0.0391,-0.0274,0,0,0,0
1922,-0.0393,-0.0274,0,0,0,0
1923,-0.0394,-0.0213,0,0,0,0
1924,-0.0394,-0.0183,0,0,0,0
1925,-0.0395,-0.0304,0,0,0,0
1926,-0.0396,-0.0396,0,0,0,0
1927,-0.0398,-0.0426,0,0,0,0
1928,-0.04,-0.0396,0,0,0,0
1929,-0.0402,-0.0426,0,0,0,0
1930,-0.0404,-0.0578,0,0,0,0
1931,-0.0406,-0.0243,0,0,0,0
1932,-0.0408,-0.0304,0,0,0,0
1933,-0.0409,-0.0274,0,0,0,0
1934,-0.0409,-0.0152,0,0,0,0
1935,-0.041,-0.0335,0,0,0,0
1936,-0.0412,-0.0183,0,0,0,0
1937,-0.0413,-0.0335,0,0,0,0
1938,-0.0414,-0.0335,0,0,0,0
1939,-0.0416,-0.0365,0,0,0,0
1940,-0.0418,-0.0426,0,0,0,0
1941,-0.042,-0.0396,0,0,0,0
1942,-0.0422,-0.0365,0,0,0,0
1943,-0.0423,-0.0274,0,0,0,0
1944,-0.0424,-0.0274,0,0,0,0
1945,-0.0425,-0.0152,0,0,0,0
1946,-0.0426,-0.0213,0,0,0,0
1947,-0.0428,-0.0304,0,0,0,0
1948,-0.0429,-0.0335,0,0,0,0
1949,-0.0431,-0.0335,0,0,0,0
1950,-0.0432,-0.0396,0,0,0,0
1951,-0.044,0,0,0,0,0
1952,-0.044,0.003,0,0,0,0
1953,-0.044,-0.0152,0,0,0,0
1954,-0.0441,-0.0152,0,0,0,0
1955,-0.0441,-0.003,0,0,0,0
1956,-0.0441,-0.0091,0,0,0,0
1957,-0.0442,-0.003,0,0,0,0
1958,-0.0441,0.003,0,0,0,0
1959,-0.0441,-0.0061,0,0,0,0
1960,-0.0442,0.0122,0,0,0,0
1961,-0.0441,0.0061,0,0,0,0
1962,-0.0441,0.0122,0,0,0,0
1963,-0.0441,0.0061,0,0,0,0
1964,-0.0441,-0.003,0,0,0,0
1965,-0.0441,0.003,0,0,0,0
1966,-0.0441,0.0091,0,0,0,0
1967,-0.0441,-0.003,0,0,0,0
1968,-0.0441,-0.0061,0,0,0,0
1969,-0.0441,0,0,0,0,0
1970,-0.0441,0.0061,0,0,0,0
1971,-0.0441,0.003,0,0,0,0
1972,-0.0441,0.0061,0,0,0,0
1973,-0.0441,0,0,0,0,0
1974,-0.0441,0,0,0,0,0
1975,-0.0441,0.003,0,0,0,0
1976,-0.044,-0.003,0,0,0,0
1977,-0.044,-0.003,0,0,0,0
1978,-0.044,0.003,0,0,0,0
1979,-0.044,-0.003,0,0,0,0
1980,-0.044,0,0,0,0,0
1981,-0.044,-0.0091,0,0,0,0
1982,-0.044,0,0,0,0,0
1983,-0.044,0.0091,0,0,0,0
1984,-0.044,-0.003,0,0,0,0
1985,-0.044,0.0061,0,0,0,0
1986,-0.044,0.0061,0,0,0,0
1987,-0.044,0,0,0,0,0
1988,-0.044,-0.003,0,0,0,0
1989,-0.044,0,0,0,0,0
1990,-0.044,0.0122,0,0,0,0
1991,-0.044,-0.0061,0,0,0,0
1992,-0.044,0,0,0,0,0
1993,-0.044,-0.003,0,0,0,0
1994,-0.044,0,0,0,0,0
1995,-0.044,0,0,0,0,0
1996,-0.044,0.003,0,0,0,0
1997,-0.044,0,0,0,0,0
1998,-0.044,0.0061,0,0,0,0
1999,-0.044,0,0,0,0,0
2000,-0.044,-0.003,0,0,0,0
2001,-0.044,0.003,0,0,0,0
2002,-0.044,-0.003,0,0,0,0
2003,-0.044,0.003,0,0,0,0
2004,-0.044,0,0,0,0,0
2005,-0.044,-0.003,0,0,0,0
2006,-0.044,0.003,0,0,0,0
2007,-0.044,-0.0061,0,0,0,0
2008,-0.044,0.003,0,0,0,0
2009,-0.044,-0.0091,0,0,0,0
2010,-0.044,0,0,0,0,0
2011,-0.044,-0.003,0,0,0,0
2012,-0.044,0,0,0,0,0
2013,-0.044,-0.0061,0,0,0,0
2014,-0.044,0.003,0,0,0,0
2015,-0.044,0,0,0,0,0
2016,-0.044,-0.0061,0,0,0,0
2017,-0.044,0.003,0,0,0,0
2018,-0.044,0.003,0,0,0,0
2019,-0.044,0,0,0,0,0
2020,-0.044,0,0,0,0,0
2021,-0.044,0,0,0,0,0
2022,-0.044,0.0061,0,0,0,0
2023,-0.044,0.003,0,0,0,0
2024,-0.044,0.0061,0,0,0,0
2025,-0.044,-0.0061,0,0,0,0
2026,-0.0441,0,0,0,0,0
2027,-0.0441,0,0,0,0,0
2028,-0.044,0.003,0,0,0,0
2029,-0.0441,-0.0061,0,0,0,0
2030,-0.0441,-0.0061,0,0,0,0
2031,-0.0441,-0.0152,0,0,0,0
2032,-0.0441,0,0,0,0,0
2033,-0.0441,0.003,0,0,0,0
2034,-0.0441,0.0061,0,0,0,0
2035,-0.0441,-0.0061,0,0,0,0
2036,-0.0441,-0.0061,0,0,0,0
2037,-0.0441,-0.0091,0,0,0,0
2038,-0.0441,0,0,0,0,0
2039,-0.0441,-0.003,0,0,0,0
2040,-0.0442,0.003,0,0,0,0
2041,-0.0442,0.003,0,0,0,0
2042,-0.0442,0.003,0,0,0,0
2043,-0.0442,-0.003,0,0,0,0
2044,-0.0442,-0.0061,0,0,0,0
2045,-0.0442,0.003,0,0,0,0
2046,-0.0442,-0.0061,0,0,0,0
2047,-0.0442,0.003,0,0,0,0
2048,-0.0443,-0.0091,0,0,0,0
2049,-0.0443,-0.0061,0,0,0,0
2050,-0.0443,0,0,0,0,0
2051,-0.0443,-0.0061,0,0,0,0
2052,-0.0444,-0.0061,0,0,0,0
2053,-0.0444,-0.0091,0,0,0,0
2054,-0.0444,-0.0122,0,0,0,0
2055,-0.0445,-0.0122,0,0,0,0
2056,-0.0445,-0.0061,0,0,0,0
2057,-0.0446,-0.0122,0,0,0,0
2058,-0.0446,-0.0061,0,0,0,0
2059,-0.0446,-0.0091,0,0,0,0
2060,-0.0447,-0.0091,0,0,0,0
2061,-0.0447,-0.0183,0,0,0,0
2062,-0.0448,-0.0183,0,0,0,0
2063,-0.0448,-0.0183,0,0,0,0
2064,-0.0449,-0.0152,0,0,0,0
2065,-0.045,-0.0152,0,0,0,0
2066,-0.045,-0.0183,0,0,0,0
2067,-0.0451,-0.0122,0,0,0,0
2068,-0.0451,-0.0152,0,0,0,0
2069,-0.0452,-0.0213,0,0,0,0
2070,-0.0452,-0.0122,0,0,0,0
2071,-0.0453,-0.0183,0,0,0,0
2072,-0.0453,-0.0152,0,0,0,0
2073,-0.0454,-0.0152,0,0,0,0
2074,-0.0455,-0.0183,0,0,0,0
2075,-0.0455,-0.0122,0,0,0,0
2076,-0.0456,-0.0122,0,0,0,0
2077,-0.0456,-0.0061,0,0,0,0
2078,-0.0457,-0.0122,0,0,0,0
2079,-0.0457,-0.0122,0,0,0,0
2080,-0.0458,-0.003,0,0,0,0
2081,-0.0459,-0.0152,0,0,0,0
2082,-0.0459,-0.0152,0,0,0,0
2083,-0.046,-0.0183,0,0,0,0
2084,-0.046,-0.0152,0,0,0,0
2085,-0.0461,-0.0183,0,0,0,0
2086,-0.0462,-0.0091,0,0,0,0
2087,-0.0462,-0.0183,0,0,0,0
2088,-0.0463,-0.0091,0,0,0,0
2089,-0.0463,-0.0091,0,0,0,0
2090,-0.0464,-0.0122,0,0,0,0
2091,-0.0465,-0.0152,0,0,0,0
2092,-0.0466,-0.0183,0,0,0,0
2093,-0.0466,-0.0213,0,0,0,0
2094,-0.0467,-0.0152,0,0,0,0
2095,-0.0468,-0.0122,0,0,0,0
2096,-0.0468,-0.0152,0,0,0,0
2097,-0.0469,-0.0152,0,0,0,0
2098,-0.047,-0.0122,0,0,0,0
2099,-0.047,-0.0152,0,0,0,0
2100,-0.0471,-0.0213,0,0,0,0
2101,-0.0471,-0.0213,0,0,0,0
2102,-0.0472,-0.0152,0,0,0,0
2103,-0.0473,-0.0183,0,0,0,0
2104,-0.0474,-0.0183,0,0,0,0
2105,-0.0475,-0.0183,0,0,0,0
2106,-0.0475,-0.0152,0,0,0,0
2107,-0.0476,-0.0183,0,0,0,0
2108,-0.0477,-0.0152,0,0,0,0
2109,-0.0478,-0.0122,0,0,0,0
2110,-0.0479,-0.0183,0,0,0,0
2111,-0.0479,-0.0152,0,0,0,0
2112,-0.048,-0.0122,0,0,0,0
2113,-0.0481,-0.0183,0,0,0,0
2114,-0.0482,-0.0091,0,0,0,0
2115,-0.0482,-0.0183,0,0,0,0
2116,-0.0483,-0.0213,0,0,0,0
2117,-0.0484,-0.0122,0,0,0,0
2118,-0.0484,-0.0152,0,0,0,0
2119,-0.0485,-0.0213,0,0,0,0
2120,-0.0486,-0.0183,0,0,0,0
2121,-0.0487,-0.0152,0,0,0,0
2122,-0.0488,-0.0213,0,0,0,0
2123,-0.0489,-0.0183,0,0,0,0
2124,-0.0489,-0.0213,0,0,0,0
2125,-0.049,-0.0213,0,0,0,0
2126,-0.0491,-0.0213,0,0,0,0
2127,-0.0492,-0.0122,0,0,0,0
2128,-0.0492,-0.0122,0,0,0,0
2129,-0.0494,-0.0183,0,0,0,0
2130,-0.0494,-0.0243,0,0,0,0
2131,-0.0495,-0.0183,0,0,0,0
2132,-0.0496,-0.0213,0,0,0,0
2133,-0.0497,-0.0152,0,0,0,0
2134,-0.0497,-0.0183,0,0,0,0
2135,-0.0498,-0.0183,0,0,0,0
2136,-0.0499,-0.0152,0,0,0,0
2137,-0.05,-0.0213,0,0,0,0
2138,-0.0501,-0.0274,0,0,0,0
2139,-0.0502,-0.0243,0,0,0,0
2140,-0.0503,-0.0122,0,0,0,0
2141,-0.0503,-0.0183,0,0,0,0
2142,-0.0505,-0.0183,0,0,0,0
2143,-0.0505,-0.0152,0,0,0,0
2144,-0.0506,-0.0183,0,0,0,0
2145,-0.0507,-0.0183,0,0,0,0
2146,-0.0507,-0.0274,0,0,0,0
2147,-0.0509,-0.0183,0,0,0,0
2148,-0.0509,-0.0243,0,0,0,0
2149,-0.0511,-0.0183,0,0,0,0
2150,-0.0512,-0.0152,0,0,0,0
2151,-0.0513,-0.0243,0,0,0,0
2152,-0.0513,-0.0152,0,0,0,0
2153,-0.0515,-0.0213,0,0,0,0
2154,-0.0516,-0.0243,0,0,0,0
2155,-0.0517,-0.0183,0,0,0,0
2156,-0.0518,-0.0304,0,0,0,0
2157,-0.052,-0.0274,0,0,0,0
2158,-0.0521,-0.0213,0,0,0,0
2159,-0.0522,-0.0213,0,0,0,0
2160,-0.0523,-0.0213,0,0,0,0
2161,-0.0524,-0.0274,0,0,0,0
2162,-0.0525,-0.0243,0,0,0,0
2163,-0.0527,-0.0335,0,0,0,0
2164,-0.0528,-0.0243,0,0,0,0
2165,-0.0529,-0.0243,0,0,0,0
2166,-0.053,-0.0304,0,0,0,0
2167,-0.0532,-0.0304,0,0,0,0
2168,-0.0533,-0.0365,0,0,0,0
2169,-0.0535,-0.0335,0,0,0,0
2170,-0.0536,-0.0304,0,0,0,0
2171,-0.0538,-0.0304,0,0,0,0
2172,-0.0538,-0.0274,0,0,0,0
2173,-0.054,-0.0304,0,0,0,0
2174,-0.0541,-0.0274,0,0,0,0
2175,-0.0542,-0.0274,0,0,0,0
2176,-0.0543,-0.0243,0,0,0,0
2177,-0.0544,-0.0243,0,0,0,0
2178,-0.0546,-0.0365,0,0,0,0
2179,-0.0548,-0.0304,0,0,0,0
2180,-0.0549,-0.0396,0,0,0,0
2181,-0.0551,-0.0335,0,0,0,0
2182,-0.0553,-0.0304,0,0,0,0
2183,-0.0554,-0.0335,0,0,0,0
2184,-0.0555,-0.0396,0,0,0,0
2185,-0.0556,-0.0274,0,0,0,0
2186,-0.0558,-0.0365,0,0,0,0
2187,-0.0559,-0.0365,0,0,0,0
2188,-0.0561,-0.0335,0,0,0,0
2189,-0.0563,-0.0335,0,0,0,0
2190,-0.0565,-0.0335,0,0,0,0
2191,-0.0566,-0.0426,0,0,0,0
2192,-0.0569,-0.0396,0,0,0,0
2193,-0.057,-0.0304,0,0,0,0
2194,-0.0572,-0.0426,0,0,0,0
2195,-0.0574,-0.0365,0,0,0,0
2196,-0.0576,-0.0426,0,0,0,0
2197,-0.0578,-0.0365,0,0,0,0
2198,-0.058,-0.0396,0,0,0,0
2199,-0.0582,-0.0426,0,0,0,0
2200,-0.0585,-0.0487,0,0,0,0
2201,-0.0586,-0.0487,0,0,0,0
2202,-0.0589,-0.0548,0,0,0,0
2203,-0.0591,-0.0578,0,0,0,0
2204,-0.0594,-0.0578,0,0,0,0
2205,-0.0597,-0.0669,0,0,0,0
2206,-0.0601,-0.0609,0,0,0,0
2207,-0.0604,-0.0609,0,0,0,0
2208,-0.0607,-0.0639,0,0,0,0
2209,-0.0609,-0.0639,0,0,0,0
2210,-0.0614,-0.0822,0,0,0,0
2211,-0.0617,-0.0791,0,0,0,0
2212,-0.0623,-0.0761,0,0,0,0
2213,-0.0628,-0.0974,0,0,0,0
2214,-0.0633,-0.0913,0,0,0,0
2215,-0.0637,-0.1004,0,0,0,0
2216,-0.0642,-0.1035,0,0,0,0
2217,-0.0646,-0.1004,0,0,0,0
2218,-0.0651,-0.1126,0,0,0,0
2219,-0.0655,-0.1126,0,0,0,0
2220,-0.0664,-0.1095,0,0,0,0
2221,-0.0669,-0.1187,0,0,0,0
2222,-0.0676,-0.1187,0,0,0,0
2223,-0.0681,-0.1308,0,0,0,0
2224,-0.0687,-0.1278,0,0,0,0
2225,-0.0691,-0.1308,0,0,0,0
2226,-0.0699,-0.1156,0,0,0,0
2227,-0.0704,-0.1248,0,0,0,0
2228,-0.071,-0.1217,0,0,0,0
2229,-0.0715,-0.1278,0,0,0,0
2230,-0.0723,-0.1339,0,0,0,0
2231,-0.0727,-0.14,0,0,0,0
2232,-0.0734,-0.1308,0,0,0,0
2233,-0.0738,-0.1369,0,0,0,0
2234,-0.0745,-0.1278,0,0,0,0
2235,-0.0751,-0.14,0,0,0,0
2236,-0.0762,-0.143,0,0,0,0
2237,-0.0766,-0.1339,0,0,0,0
2238,-0.0773,-0.1339,0,0,0,0
2239,-0.0778,-0.1217,0,0,0,0
2240,-0.0784,-0.1217,0,0,0,0
2241,-0.079,-0.1248,0,0,0,0
2242,-0.0796,-0.1278,0,0,0,0
2243,-0.0801,-0.1248,0,0,0,0
2244,-0.0806,-0.1187,0,0,0,0
2245,-0.0808,-0.1187,0,0,0,0
2246,-0.0815,-0.1126,0,0,0,0
2247,-0.0819,-0.1095,0,0,0,0
2248,-0.0825,-0.1035,0,0,0,0
2249,-0.0829,-0.1035,0,0,0,0
2250,-0.0834,-0.1035,0,0,0,0
2251,-0.0838,-0.1004,0,0,0,0
2252,-0.0844,-0.1095,0,0,0,0
2253,-0.0848,-0.0913,0,0,0,0
2254,-0.0853,-0.0761,0,0,0,0
2255,-0.0856,-0.0852,0,0,0,0
2256,-0.086,-0.0761,0,0,0,0
2257,-0.0863,-0.073,0,0,0,0
2258,-0.0869,-0.0578,0,0,0,0
2259,-0.0873,-0.0609,0,0,0,0
2260,-0.0876,-0.0609,0,0,0,0
2261,-0.0878,-0.0609,0,0,0,0
2262,-0.0882,-0.0548,0,0,0,0
2263,-0.0883,-0.0548,0,0,0,0
2264,-0.0885,-0.0456,0,0,0,0
2265,-0.0887,-0.0456,0,0,0,0
2266,-0.089,-0.0517,0,0,0,0
2267,-0.0891,-0.0487,0,0,0,0
2268,-0.0893,-0.0426,0,0,0,0
2269,-0.0894,-0.0456,0,0,0,0
2270,-0.0896,-0.0396,0,0,0,0
2271,-0.0898,-0.0426,0,0,0,0
2272,-0.0899,-0.0365,0,0,0,0
2273,-0.0901,-0.0365,0,0,0,0
2274,-0.0903,-0.0396,0,0,0,0
2275,-0.0904,-0.0396,0,0,0,0
2276,-0.0906,-0.0243,0,0,0,0
2277,-0.0907,-0.0213,0,0,0,0
2278,-0.0908,-0.0274,0,0,0,0
2279,-0.0909,-0.0213,0,0,0,0
2280,-0.091,-0.0183,0,0,0,0
2281,-0.091,-0.0183,0,0,0,0
2282,-0.0911,-0.0213,0,0,0,0
2283,-0.0912,-0.0152,0,0,0,0
2284,-0.0912,-0.0152,0,0,0,0
2285,-0.0913,-0.0091,0,0,0,0
2286,-0.0914,-0.0122,0,0,0,0
2287,-0.0914,-0.0152,0,0,0,0
2288,-0.0915,-0.0061,0,0,0,0
2289,-0.0915,-0.0152,0,0,0,0
2290,-0.0915,-0.0091,0,0,0,0
2291,-0.0915,-0.0091,0,0,0,0
2292,-0.0916,-0.0061,0,0,0,0
2293,-0.0916,0,0,0,0,0
2294,-0.0916,0,0,0,0,0
2295,-0.0916,-0.0061,0,0,0,0
2296,-0.0916,-0.0091,0,0,0,0
2297,-0.0917,-0.0061,0,0,0,0
2298,-0.0917,-0.0061,0,0,0,0
2299,-0.0917,-0.003,0,0,0,0
2300,-0.0917,0.003,0,0,0,0
2301,-0.0917,0.003,0,0,0,0
2302,-0.0917,0.003,0,0,0,0
2303,-0.0917,0,0,0,0,0
2304,-0.0917,0,0,0,0,0
2305,-0.0917,-0.003,0,0,0,0
2306,-0.0918,0,0,0,0,0
2307,-0.0918,-0.003,0,0,0,0
2308,-0.0918,0,0,0,0,0
2309,-0.0918,0.003,0,0,0,0
2310,-0.0918,0,0,0,0,0
2311,-0.0918,0.003,0,0,0,0
2312,-0.0918,0.003,0,0,0,0
2313,-0.0918,-0.003,0,0,0,0
2314,-0.0918,-0.003,0,0,0,0
2315,-0.0918,0.0061,0,0,0,0
2316,-0.0918,-0.003,0,0,0,0
2317,-0.0918,0.003,0,0,0,0
2318,-0.0918,-0.003,0,0,0,0
2319,-0.0918,0.0061,0,0,0,0
2320,-0.0918,0,0,0,0,0
2321,-0.0918,0,0,0,0,0
2322,-0.0918,0,0,0,0,0
2323,-0.0918,-0.0061,0,0,0,0
2324,-0.0918,0.003,0,0,0,0
2325,-0.0918,-0.003,0,0,0,0
2326,-0.0918,0.0061,0,0,0,0
2327,-0.0918,0.003,0,0,0,0
2328,-0.0918,0,0,0,0,0
2329,-0.0918,0.003,0,0,0,0
2330,-0.0918,0.0061,0,0,0,0
2331,-0.0918,-0.0091,0,0,0,0
2332,-0.0918,0.003,0,0,0,0
2333,-0.0918,0,0,0,0,0
2334,-0.0918,0.003,0,0,0,0
2335,-0.0918,-0.003,0,0,0,0
2336,-0.0918,0,0,0,0,0
2337,-0.0918,-0.0122,0,0,0,0
2338,-0.0918,0,0,0,0,0
2339,-0.0918,0,0,0,0,0
2340,-0.0918,0,0,0,0,0
2341,-0.0918,-0.003,0,0,0,0
2342,-0.0918,0.0061,0,0,0,0
2343,-0.0918,-0.003,0,0,0,0
2344,-0.0918,0.003,0,0,0,0
2345,-0.0918,0.0061,0,0,0,0
2346,-0.0918,-0.0061,0,0,0,0
2347,-0.0918,0.0061,0,0,0,0
2348,-0.0918,-0.003,0,0,0,0
2349,-0.0918,-0.003,0,0,0,0
2350,-0.0918,0.003,0,0,0,0
2351,-0.0918,0,0,0,0,0
2352,-0.0917,0.003,0,0,0,0
2353,-0.0917,0,0,0,0,0
2354,-0.0917,0.0061,0,0,0,0
2355,-0.0917,-0.003,0,0,0,0
2356,-0.0917,0.0091,0,0,0,0
2357,-0.0917,0.003,0,0,0,0
2358,-0.0917,-0.003,0,0,0,0
2359,-0.0917,0.0061,0,0,0,0
2360,-0.0917,-0.0061,0,0,0,0
2361,-0.0917,0,0,0,0,0
2362,-0.0917,0,0,0,0,0
2363,-0.0917,0.003,0,0,0,0
2364,-0.0917,0,0,0,0,0
2365,-0.0917,0.0061,0,0,0,0
2366,-0.0917,-0.003,0,0,0,0
2367,-0.0917,0,0,0,0,0
2368,-0.0917,0.003,0,0,0,0
2369,-0.0917,-0.003,0,0,0,0
2370,-0.0917,0.003,0,0,0,0
2371,-0.0917,0,0,0,0,0
2372,-0.0917,0,0,0,0,0
2373,-0.0916,0.003,0,0,0,0
2374,-0.0916,0.003,0,0,0,0
2375,-0.0916,0,0,0,0,0
2376,-0.0916,0,0,0,0,0
2377,-0.0916,0.0061,0,0,0,0
2378,-0.0916,-0.0061,0,0,0,0
2379,-0.0916,-0.003,0,0,0,0
2380,-0.0916,0,0,0,0,0
2381,-0.0916,0,0,0,0,0
2382,-0.0916,0,0,0,0,0
2383,-0.0915,0.003,0,0,0,0
2384,-0.0915,0.003,0,0,0,0
2385,-0.0915,-0.003,0,0,0,0
2386,-0.0915,0.003,0,0,0,0
2387,-0.0915,0.003,0,0,0,0
2388,-0.0915,0.003,0,0,0,0
2389,-0.0915,0,0,0,0,0
2390,-0.0915,0.003,0,0,0,0
2391,-0.0915,0.003,0,0,0,0
2392,-0.0915,0.003,0,0,0,0
2393,-0.0915,0,0,0,0,0
2394,-0.0915,0.003,0,0,0,0
2395,-0.0915,0,0,0,0,0
2396,-0.0915,-0.0061,0,0,0,0
2397,-0.0915,0.003,0,0,0,0
2398,-0.0915,0.0061,0,0,0,0
2399,-0.0914,0,0,0,0,0
2400,-0.0914,0,0,0,0,0
2401,-0.0914,0.003,0,0,0,0
2402,-0.0914,0,0,0,0,0
2403,-0.0914,0,0,0,0,0
2404,-0.0914,-0.003,0,0,0,0
2405,-0.0914,-0.003,0,0,0,0
2406,-0.0914,0.003,0,0,0,0
2407,-0.0914,0.003,0,0,0,0
2408,-0.0914,0,0,0,0,0
2409,-0.0914,0,0,0,0,0
2410,-0.0915,-0.003,0,0,0,0
2411,-0.0914,-0.0091,0,0,0,0
2412,-0.0915,0.0122,0,0,0,0
2413,-0.0914,0,0,0,0,0
2414,-0.0915,0.003,0,0,0,0
2415,-0.0915,0,0,0,0,0
2416,-0.0914,-0.0061,0,0,0,0
2417,-0.0915,-0.003,0,0,0,0
2418,-0.0915,-0.003,0,0,0,0
2419,-0.0915,0,0,0,0,0
2420,-0.0915,-0.0091,0,0,0,0
2421,-0.0915,0,0,0,0,0
2422,-0.0915,-0.0061,0,0,0,0
2423,-0.0915,-0.0061,0,0,0,0
2424,-0.0915,-0.0061,0,0,0,0
2425,-0.0915,0.003,0,0,0,0
2426,-0.0915,0,0,0,0,0
2427,-0.0915,-0.0061,0,0,0,0
2428,-0.0915,-0.003,0,0,0,0
2429,-0.0915,-0.003,0,0,0,0
2430,-0.0916,-0.003,0,0,0,0
2431,-0.0916,-0.0061,0,0,0,0
2432,-0.0916,-0.003,0,0,0,0
2433,-0.0916,-0.003,0,0,0,0
2434,-0.0916,-0.003,0,0,0,0
2435,-0.0916,-0.0091,0,0,0,0
2436,-0.0917,0,0,0,0,0
2437,-0.0917,0.003,0,0,0,0
2438,-0.0917,-0.003,0,0,0,0
2439,-0.0917,0,0,0,0,0
2440,-0.0917,0,0,0,0,0
2441,-0.0917,-0.003,0,0,0,0
2442,-0.0917,0.003,0,0,0,0
2443,-0.0918,-0.0061,0,0,0,0
2444,-0.0918,-0.0061,0,0,0,0
2445,-0.0918,-0.003,0,0,0,0
2446,-0.0918,-0.0061,0,0,0,0
2447,-0.0918,0,0,0,0,0
2448,-0.0918,0.003,0,0,0,0
2449,-0.0918,-0.0091,0,0,0,0
2450,-0.0918,0.003,0,0,0,0
2451,-0.0918,-0.0061,0,0,0,0
2452,-0.0918,-0.003,0,0,0,0
2453,-0.0918,0.0061,0,0,0,0
2454,-0.0918,0,0,0,0,0
2455,-0.0918,-0.0061,0,0,0,0
2456,-0.0918,-0.003,0,0,0,0
2457,-0.0918,0,0,0,0,0
2458,-0.0918,0,0,0,0,0
2459,-0.0918,0,0,0,0,0
2460,-0.0918,-0.0061,0,0,0,0
2461,-0.0918,-0.003,0,0,0,0
2462,-0.0918,0,0,0,0,0
2463,-0.0919,0,0,0,0,0
2464,-0.0919,0,0,0,0,0
2465,-0.0919,0.003,0,0,0,0
2466,-0.0919,-0.003,0,0,0,0
2467,-0.0919,-0.0061,0,0,0,0
2468,-0.0919,0.003,0,0,0,0
2469,-0.0919,0,0,0,0,0
2470,-0.0919,-0.003,0,0,0,0
2471,-0.0919,0.003,0,0,0,0
2472,-0.0919,-0.003,0,0,0,0
2473,-0.0919,0.003,0,0,0,0
2474,-0.0919,0.003,0,0,0,0
2475,-0.0919,-0.003,0,0,0,0
2476,-0.0919,0.003,0,0,0,0
2477,-0.0919,-0.003,0,0,0,0
2478,-0.0919,-0.003,0,0,0,0
2479,-0.0919,0,0,0,0,0
2480,-0.0919,0.003,0,0,0,0
2481,-0.0919,0,0,0,0,0
2482,-0.0919,0,0,0,0,0
2483,-0.0919,0,0,0,0,0
2484,-0.0919,0,0,0,0,0
2485,-0.0919,0.0091,0,0,0,0
2486,-0.0919,0.0061,0,0,0,0
2487,-0.0919,-0.003,0,0,0,0
2488,-0.0919,-0.0061,0,0,0,0
2489,-0.0919,0,0,0,0,0
2490,-0.0919,0.0061,0,0,0,0
2491,-0.0919,-0.003,0,0,0,0
2492,-0.0919,-0.0061,0,0,0,0
2493,-0.0919,-0.0091,0,0,0,0
2494,-0.0919,-0.0122,0,0,0,0
2495,-0.092,-0.0183,0,0,0,0
2496,-0.0921,-0.0183,0,0,0,0
2497,-0.0922,-0.0213,0,0,0,0
2498,-0.0922,-0.003,0,0,0,0
2499,-0.0923,0,0,0,0,0
2500,-0.0923,-0.0091,0,0,0,0
2501,-0.0923,-0.0152,0,0,0,0
2502,-0.0924,-0.0061,0,0,0,0
2503,-0.0924,-0.0122,0,0,0,0
2504,-0.0924,-0.0091,0,0,0,0
2505,-0.0925,-0.0183,0,0,0,0
2506,-0.0925,-0.0152,0,0,0,0
2507,-0.0925,-0.0183,0,0,0,0
2508,-0.0926,-0.003,0,0,0,0
2509,-0.0926,0,0,0,0,0
2510,-0.0926,-0.003,0,0,0,0
2511,-0.0926,0,0,0,0,0
2512,-0.0926,-0.003,0,0,0,0
2513,-0.0926,0.003,0,0,0,0
2514,-0.0926,-0.0061,0,0,0,0
2515,-0.0926,0.003,0,0,0,0
2516,-0.0926,-0.003,0,0,0,0
2517,-0.0926,0,0,0,0,0
2518,-0.0926,0.003,0,0,0,0
2519,-0.0926,0,0,0,0,0
2520,-0.0926,0.003,0,0,0,0
2521,-0.0926,0.003,0,0,0,0
2522,-0.0926,0.003,0,0,0,0
2523,-0.0926,0,0,0,0,0
2524,-0.0926,0.0091,0,0,0,0
2525,-0.0926,0,0,0,0,0
2526,-0.0926,0,0,0,0,0
2527,-0.0926,0.003,0,0,0,0
2528,-0.0926,0.0091,0,0,0,0
2529,-0.0926,-0.0091,0,0,0,0
2530,-0.0926,-0.003,0,0,0,0
2531,-0.0926,0,0,0,0,0
2532,-0.0926,0.003,0,0,0,0
2533,-0.0926,0.003,0,0,0,0
2534,-0.0926,0,0,0,0,0
2535,-0.0926,0.003,0,0,0,0
2536,-0.0926,-0.003,0,0,0,0
2537,-0.0926,0,0,0,0,0
2538,-0.0926,0.003,0,0,0,0
2539,-0.0926,0.0122,0,0,0,0
2540,-0.0925,-0.003,0,0,0,0
2541,-0.0925,-0.003,0,0,0,0
2542,-0.0925,0.003,0,0,0,0
2543,-0.0925,-0.003,0,0,0,0
2544,-0.0925,0,0,0,0,0
2545,-0.0925,0,0,0,0,0
2546,-0.0925,0.0122,0,0,0,0
2547,-0.0925,0.003,0,0,0,0
2548,-0.0925,0.003,0,0,0,0
2549,-0.0925,-0.0061,0,0,0,0
2550,-0.0925,-0.003,0,0,0,0
2551,-0.0925,0,0,0,0,0
2552,-0.0925,0.003,0,0,0,0
2553,-0.0925,-0.0061,0,0,0,0
2554,-0.0925,0,0,0,0,0
2555,-0.0925,0.003,0,0,0,0
2556,-0.0925,0,0,0,0,0
2557,-0.0925,-0.0061,0,0,0,0
2558,-0.0925,0,0,0,0,0
2559,-0.0925,-0.0091,0,0,0,0
2560,-0.0926,0.003,0,0,0,0
2561,-0.0926,0.003,0,0,0,0
2562,-0.0926,-0.0061,0,0,0,0
2563,-0.0926,-0.003,0,0,0,0
2564,-0.0926,0,0,0,0,0
2565,-0.0926,-0.003,0,0,0,0
2566,-0.0926,0.003,0,0,0,0
2567,-0.0926,-0.003,0,0,0,0
2568,-0.0926,-0.003,0,0,0,0
2569,-0.0926,-0.003,0,0,0,0
2570,-0.0926,0,0,0,0,0
2571,-0.0926,0.003,0,0,0,0
2572,-0.0925,-0.003,0,0,0,0
2573,-0.0925,-0.0061,0,0,0,0
2574,-0.0926,-0.003,0,0,0,0
2575,-0.0926,0.003,0,0,0,0
2576,-0.0926,0,0,0,0,0
2577,-0.0926,-0.003,0,0,0,0
2578,-0.0926,0,0,0,0,0
2579,-0.0925,-0.003,0,0,0,0
2580,-0.0925,0,0,0,0,0
2581,-0.0925,-0.003,0,0,0,0
2582,-0.0925,0,0,0,0,0
2583,-0.0925,-0.003,0,0,0,0
2584,-0.0926,0.0061,0,0,0,0
2585,-0.0926,0.003,0,0,0,0
2586,-0.0925,-0.0061,0,0,0,0
2587,-0.0925,-0.003,0,0,0,0
2588,-0.0926,0.003,0,0,0,0
2589,-0.0925,0.003,0,0,0,0
2590,-0.0925,0,0,0,0,0
2591,-0.0925,0.003,0,0,0,0
2592,-0.0925,0.003,0,0,0,0
2593,-0.0926,-0.0061,0,0,0,0
2594,-0.0925,0.0061,0,0,0,0
2595,-0.0926,0.003,0,0,0,0
2596,-0.0925,-0.003,0,0,0,0
2597,-0.0925,0,0,0,0,0
2598,-0.0926,0.003,0,0,0,0
2599,-0.0925,-0.003,0,0,0,0
2600,-0.0926,-0.003,0,0,0,0
2601,-0.0925,-0.003,0,0,0,0
2602,-0.0925,-0.0091,0,0,0,0
2603,-0.0925,0,0,0,0,0
2604,-0.0926,-0.003,0,0,0,0
2605,-0.0926,0.003,0,0,0,0
2606,-0.0926,0,0,0,0,0
2607,-0.0926,-0.003,0,0,0,0
2608,-0.0926,-0.003,0,0,0,0
2609,-0.0926,0.003,0,0,0,0
2610,-0.0926,-0.003,0,0,0,0
2611,-0.0926,0,0,0,0,0
2612,-0.0926,0,0,0,0,0
2613,-0.0926,-0.003,0,0,0,0
2614,-0.0926,0.003,0,0,0,0
2615,-0.0926,0,0,0,0,0
2616,-0.0926,0,0,0,0,0
2617,-0.0926,-0.003,0,0,0,0
2618,-0.0926,0.003,0,0,0,0
2619,-0.0926,0,0,0,0,0
2620,-0.0926,0,0,0,0,0
2621,-0.0926,-0.003,0,0,0,0
2622,-0.0926,-0.003,0,0,0,0
2623,-0.0926,0.003,0,0,0,0
2624,-0.0926,-0.003,0,0,0,0
2625,-0.0926,0,0,0,0,0
2626,-0.0926,-0.003,0,0,0,0
2627,-0.0925,0,0,0,0,0
2628,-0.0925,0.003,0,0,0,0
2629,-0.0925,0.0122,0,0,0,0
2630,-0.0925,0,0,0,0,0
2631,-0.0925,0,0,0,0,0
2632,-0.0925,-0.003,0,0,0,0
2633,-0.0925,-0.0061,0,0,0,0
2634,-0.0925,0.0061,0,0,0,0
2635,-0.0925,0,0,0,0,0
2636,-0.0925,-0.003,0,0,0,0
2637,-0.0925,-0.003,0,0,0,0
2638,-0.0925,-0.0061,0,0,0,0
2639,-0.0925,-0.003,0,0,0,0
2640,-0.0925,0,0,0,0,0
2641,-0.0925,0,0,0,0,0
2642,-0.0925,0.003,0,0,0,0
2643,-0.0925,0,0,0,0,0
2644,-0.0925,-0.003,0,0,0,0
2645,-0.0925,-0.003,0,0,0,0
2646,-0.0925,0,0,0,0,0
2647,-0.0925,0,0,0,0,0
2648,-0.0925,0.0091,0,0,0,0
2649,-0.0925,-0.003,0,0,0,0
2650,-0.0925,0.003,0,0,0,0
2651,-0.0925,0,0,0,0,0
2652,-0.0925,0.0091,0,0,0,0
2653,-0.0925,0,0,0,0,0
2654,-0.0925,0,0,0,0,0
2655,-0.0925,0.003,0,0,0,0
2656,-0.0925,0.0061,0,0,0,0
2657,-0.0925,0,0,0,0,0
2658,-0.0925,0,0,0,0,0
2659,-0.0925,0.003,0,0,0,0
2660,-0.0925,0.003,0,0,0,0
2661,-0.0925,0,0,0,0,0
2662,-0.0925,-0.003,0,0,0,0
2663,-0.0925,0,0,0,0,0
2664,-0.0925,0,0,0,0,0
2665,-0.0925,0.003,0,0,0,0
2666,-0.0924,-0.0091,0,0,0,0
2667,-0.0924,-0.003,0,0,0,0
2668,-0.0925,0,0,0,0,0
2669,-0.0925,0.003,0,0,0,0
2670,-0.0925,-0.003,0,0,0,0
2671,-0.0925,0.003,0,0,0,0
2672,-0.0925,0,0,0,0,0
2673,-0.0925,0.003,0,0,0,0
2674,-0.0925,0,0,0,0,0
2675,-0.0925,0,0,0,0,0
2676,-0.0924,0,0,0,0,0
2677,-0.0924,0.003,0,0,0,0
2678,-0.0924,0.003,0,0,0,0
2679,-0.0924,0,0,0,0,0
2680,-0.0924,0,0,0,0,0
2681,-0.0924,0,0,0,0,0
2682,-0.0924,0,0,0,0,0
2683,-0.0924,-0.0061,0,0,0,0
2684,-0.0925,0.0061,0,0,0,0
2685,-0.0924,0,0,0,0,0
2686,-0.0924,-0.003,0,0,0,0
2687,-0.0924,0.003,0,0,0,0
2688,-0.0924,0,0,0,0,0
2689,-0.0924,0,0,0,0,0
2690,-0.0924,0.003,0,0,0,0
2691,-0.0924,0.0091,0,0,0,0
2692,-0.0924,0,0,0,0,0
2693,-0.0924,0.003,0,0,0,0
2694,-0.0924,-0.003,0,0,0,0
2695,-0.0924,0.0091,0,0,0,0
2696,-0.0923,-0.003,0,0,0,0
2697,-0.0923,0.0061,0,0,0,0
2698,-0.0923,0,0,0,0,0
2699,-0.0923,0.0122,0,0,0,0
2700,-0.0923,0,0,0,0,0
2701,-0.0923,0.0061,0,0,0,0
2702,-0.0923,0,0,0,0,0
2703,-0.0923,0.0091,0,0,0,0
2704,-0.0923,0,0,0,0,0
2705,-0.0922,0,0,0,0,0
2706,-0.0922,0.003,0,0,0,0
2707,-0.0922,0.0061,0,0,0,0
2708,-0.0922,0,0,0,0,0
2709,-0.0922,0,0,0,0,0
2710,-0.0922,0,0,0,0,0
2711,-0.0922,0.0061,0,0,0,0
2712,-0.0922,0.003,0,0,0,0
2713,-0.0922,0,0,0,0,0
2714,-0.0921,0,0,0,0,0
2715,-0.0921,-0.003,0,0,0,0
2716,-0.0921,0.0061,0,0,0,0
2717,-0.0921,0.0061,0,0,0,0
2718,-0.0921,0.0091,0,0,0,0
2719,-0.092,0.0091,0,0,0,0
2720,-0.092,0,0,0,0,0
2721,-0.092,0.0091,0,0,0,0
2722,-0.092,0,0,0,0,0
2723,-0.0919,0.003,0,0,0,0
2724,-0.0919,0.0122,0,0,0,0
2725,-0.0919,0.0091,0,0,0,0
2726,-0.0918,0.0122,0,0,0,0
2727,-0.0918,0.0061,0,0,0,0
2728,-0.0918,0.0122,0,0,0,0
2729,-0.0917,0.003,0,0,0,0
2730,-0.0917,0.0091,0,0,0,0
2731,-0.0917,0,0,0,0,0
2732,-0.0917,0.003,0,0,0,0
2733,-0.0917,0,0,0,0,0
2734,-0.0917,0,0,0,0,0
2735,-0.0917,0,0,0,0,0
2736,-0.0917,0,0,0,0,0
2737,-0.0917,-0.003,0,0,0,0
2738,-0.0917,0,0,0,0,0
2739,-0.0917,0,0,0,0,0
2740,-0.0917,0.003,0,0,0,0
2741,-0.0917,0.003,0,0,0,0
2742,-0.0917,0,0,0,0,0
2743,-0.0917,0,0,0,0,0
2744,-0.0917,0.003,0,0,0,0
2745,-0.0916,0.003,0,0,0,0
2746,-0.0916,0.0122,0,0,0,0
2747,-0.0915,0.0061,0,0,0,0
2748,-0.0915,0.0091,0,0,0,0
2749,-0.0914,0.0122,0,0,0,0
2750,-0.0914,0.003,0,0,0,0
2751,-0.0914,0.0061,0,0,0,0
2752,-0.0913,0.0061,0,0,0,0
2753,-0.0913,0.0091,0,0,0,0
2754,-0.0913,0.0091,0,0,0,0
2755,-0.0912,0.0061,0,0,0,0
2756,-0.0912,0.003,0,0,0,0
2757,-0.0912,-0.0091,0,0,0,0
2758,-0.0912,0.003,0,0,0,0
2759,-0.0912,0,0,0,0,0
2760,-0.0912,-0.0061,0,0,0,0
2761,-0.0912,-0.003,0,0,0,0
2762,-0.0912,-0.003,0,0,0,0
2763,-0.0912,-0.0061,0,0,0,0
2764,-0.0912,-0.003,0,0,0,0
2765,-0.0912,0.0061,0,0,0,0
2766,-0.0912,0.0091,0,0,0,0
2767,-0.0912,0.0091,0,0,0,0
2768,-0.0912,0.0061,0,0,0,0
2769,-0.0912,0.003,0,0,0,0
2770,-0.0911,0.0122,0,0,0,0
2771,-0.0911,0.0091,0,0,0,0
2772,-0.091,0.0061,0,0,0,0
2773,-0.091,0.003,0,0,0,0
2774,-0.091,0,0,0,0,0
2775,-0.091,0,0,0,0,0
2776,-0.091,0.003,0,0,0,0
2777,-0.091,0.003,0,0,0,0
2778,-0.091,-0.0091,0,0,0,0
2779,-0.091,-0.0091,0,0,0,0
2780,-0.091,0,0,0,0,0
2781,-0.091,0,0,0,0,0
2782,-0.091,0,0,0,0,0
2783,-0.091,0,0,0,0,0
2784,-0.091,0.003,0,0,0,0
2785,-0.091,0.0122,0,0,0,0
2786,-0.0909,0.0183,0,0,0,0
2787,-0.0909,0,0,0,0,0
2788,-0.0909,0.0091,0,0,0,0
2789,-0.0908,0.003,0,0,0,0
2790,-0.0908,0.003,0,0,0,0
2791,-0.0908,-0.003,0,0,0,0
2792,-0.0908,-0.003,0,0,0,0
2793,-0.0908,0,0,0,0,0
2794,-0.0908,0,0,0,0,0
2795,-0.0908,0,0,0,0,0
2796,-0.0908,-0.003,0,0,0,0
2797,-0.0908,0.003,0,0,0,0
2798,-0.0908,0,0,0,0,0
2799,-0.0908,-0.003,0,0,0,0
2800,-0.0908,0,0,0,0,0
2801,-0.0908,0,0,0,0,0
2802,-0.0908,-0.003,0,0,0,0
2803,-0.0908,0.003,0,0,0,0
2804,-0.0908,0.003,0,0,0,0
2805,-0.0908,0.003,0,0,0,0
2806,-0.0908,0.0091,0,0,0,0
2807,-0.0907,0,0,0,0,0
2808,-0.0907,0.0061,0,0,0,0
2809,-0.0906,0.0122,0,0,0,0
2810,-0.0906,0.0091,0,0,0,0
2811,-0.0906,0.0122,0,0,0,0
2812,-0.0905,0.0091,0,0,0,0
2813,-0.0905,0.003,0,0,0,0
2814,-0.0905,0.003,0,0,0,0
2815,-0.0905,0.0061,0,0,0,0
2816,-0.0904,0.0061,0,0,0,0
2817,-0.0904,0,0,0,0,0
2818,-0.0904,-0.003,0,0,0,0
2819,-0.0904,0.003,0,0,0,0
2820,-0.0904,0,0,0,0,0
2821,-0.0904,0.003,0,0,0,0
2822,-0.0904,0.0091,0,0,0,0
2823,-0.0903,0.003,0,0,0,0
2824,-0.0903,0.003,0,0,0,0
2825,-0.0903,0,0,0,0,0
2826,-0.0903,0,0,0,0,0
2827,-0.0903,0.0061,0,0,0,0
2828,-0.0903,0.0061,0,0,0,0
2829,-0.0903,0,0,0,0,0
2830,-0.0903,0,0,0,0,0
2831,-0.0903,0,0,0,0,0
2832,-0.0903,0.003,0,0,0,0
2833,-0.0903,0,0,0,0,0
2834,-0.0903,-0.0061,0,0,0,0
2835,-0.0903,0.003,0,0,0,0
2836,-0.0903,0,0,0,0,0
2837,-0.0903,0,0,0,0,0
2838,-0.0903,0.003,0,0,0,0
2839,-0.0902,0.003,0,0,0,0
2840,-0.0902,0.003,0,0,0,0
2841,-0.0902,0.003,0,0,0,0
2842,-0.0902,0,0,0,0,0
2843,-0.0902,0,0,0,0,0
2844,-0.0902,-0.003,0,0,0,0
2845,-0.0902,-0.003,0,0,0,0
2846,-0.0902,-0.003,0,0,0,0
2847,-0.0902,-0.003,0,0,0,0
2848,-0.0902,0.003,0,0,0,0
2849,-0.0902,0,0,0,0,0
2850,-0.0902,-0.003,0,0,0,0
2851,-0.0902,0.0061,0,0,0,0
2852,-0.0902,-0.003,0,0,0,0
2853,-0.0902,0,0,0,0,0
2854,-0.0902,0.0061,0,0,0,0
2855,-0.0902,0,0,0,0,0
2856,-0.0902,0,0,0,0,0
2857,-0.0902,0,0,0,0,0
2858,-0.0902,0.003,0,0,0,0
2859,-0.0902,0,0,0,0,0
2860,-0.0902,0.0061,0,0,0,0
2861,-0.0902,-0.003,0,0,0,0
2862,-0.0902,0,0,0,0,0
2863,-0.0902,-0.0061,0,0,0,0
2864,-0.0902,0.003,0,0,0,0
2865,-0.0902,0.003,0,0,0,0
2866,-0.0901,0.003,0,0,0,0
2867,-0.0901,0,0,0,0,0
2868,-0.0901,0.003,0,0,0,0
2869,-0.0901,0,0,0,0,0
2870,-0.0901,0,0,0,0,0
2871,-0.0901,-0.0061,0,0,0,0
2872,-0.0901,0.003,0,0,0,0
2873,-0.0901,0,0,0,0,0
2874,-0.0901,0,0,0,0,0
2875,-0.0901,-0.0061,0,0,0,0
2876,-0.0901,0,0,0,0,0
2877,-0.0901,0,0,0,0,0
2878,-0.0901,0,0,0,0,0
2879,-0.0901,0.003,0,0,0,0
2880,-0.0901,0,0,0,0,0
2881,-0.0901,0.003,0,0,0,0
2882,-0.0901,0,0,0,0,0
2883,-0.0901,-0.003,0,0,0,0
2884,-0.0901,0,0,0,0,0
2885,-0.0901,0.0061,0,0,0,0
2886,-0.0901,-0.003,0,0,0,0
2887,-0.0901,0,0,0,0,0
2888,-0.0901,0,0,0,0,0
2889,-0.0901,-0.003,0,0,0,0
2890,-0.0902,-0.0152,0,0,0,0
2891,-0.0903,-0.0243,0,0,0,0
2892,-0.0904,-0.0365,0,0,0,0
2893,-0.0906,-0.0274,0,0,0,0
2894,-0.0907,-0.0335,0,0,0,0
2895,-0.0909,-0.0152,0,0,0,0
2896,-0.0909,-0.0335,0,0,0,0
2897,-0.0913,-0.0669,0,0,0,0
2898,-0.0916,-0.0517,0,0,0,0
2899,-0.092,-0.073,0,0,0,0
2900,-0.0923,-0.0761,0,0,0,0
2901,-0.0928,-0.1035,0,0,0,0
2902,-0.0933,-0.1369,0,0,0,0
2903,-0.0943,-0.2404,0,0,0,0
2904,-0.0952,-0.3378,0,0,0,0
2905,-0.0977,-0.5781,0,0,0,0
2906,-0.0996,-0.7729,0,0,0,0
2907,-0.1055,-1.2628,0,0,0,0
2908,-0.1096,-1.6219,0,0,0,0
2909,-0.1235,-2.4952,0,0,0,0
2910,-0.1367,-2.912,0,0,0,0
2911,-0.1526,-3.405,0,0,0,0
2912,-0.163,-3.7184,0,0,0,0
2913,-0.186,-3.9344,0,0,0,0
2914,-0.198,-4.0896,0,0,0,0
2915,-0.2182,-4.0014,0,0,0,0
2916,-0.2302,-4.0014,0,0,0,0
2917,-0.242,-3.8979,0,0,0,0
2918,-0.2536,-3.7762,0,0,0,0
2919,-0.2761,-3.6514,0,0,0,0
2920,-0.2867,-3.4597,0,0,0,0
2921,-0.309,-2.8086,0,0,0,0
2922,-0.3173,-2.5347,0,0,0,0
2923,-0.329,-1.9414,0,0,0,0
2924,-0.3345,-1.6158,0,0,0,0
2925,-0.3426,-0.9524,0,0,0,0
2926,-0.3444,-0.7181,0,0,0,0
2927,-0.3468,-0.1704,0,0,0,0
2928,-0.347,0.0791,0,0,0,0
2929,-0.3467,0.0396,0,0,0,0
2930,-0.3467,-0.0213,0,0,0,0
2931,-0.3467,0.0122,0,0,0,0
2932,-0.3467,0.0061,0,0,0,0
2933,-0.3466,0.0213,0,0,0,0
2934,-0.3465,0.0152,0,0,0,0
2935,-0.3464,0.0183,0,0,0,0
2936,-0.3463,0.0152,0,0,0,0
2937,-0.3463,0.0183,0,0,0,0
2938,-0.3462,0.0152,0,0,0,0
2939,-0.3461,0.0304,0,0,0,0
2940,-0.346,0.0274,0,0,0,0
2941,-0.3459,0.0335,0,0,0,0
2942,-0.3457,0.0274,0,0,0,0
2943,-0.3455,0.0304,0,0,0,0
2944,-0.3454,0.0365,0,0,0,0
2945,-0.3452,0.0365,0,0,0,0
2946,-0.345,0.0274,0,0,0,0
2947,-0.3449,0.0213,0,0,0,0
2948,-0.3448,0.0335,0,0,0,0
2949,-0.3445,0.0365,0,0,0,0
2950,-0.3444,0.0335,0,0,0,0
2951,-0.3442,0.0274,0,0,0,0
2952,-0.3441,0.0335,0,0,0,0
2953,-0.3439,0.0243,0,0,0,0
2954,-0.3438,0.0213,0,0,0,0
2955,-0.3437,0.0243,0,0,0,0
2956,-0.3436,0.0243,0,0,0,0
2957,-0.3435,0.0183,0,0,0,0
2958,-0.3434,0.0243,0,0,0,0
2959,-0.3433,0.0152,0,0,0,0
2960,-0.3432,0.0152,0,0,0,0
2961,-0.3431,0.0213,0,0,0,0
2962,-0.343,0.0152,0,0,0,0
2963,-0.3429,0.0213,0,0,0,0
2964,-0.3429,0.0152,0,0,0,0
2965,-0.3428,0.0091,0,0,0,0
2966,-0.3428,0.0091,0,0,0,0
2967,-0.3428,0.0122,0,0,0,0
2968,-0.3427,0.0152,0,0,0,0
2969,-0.3426,0.0122,0,0,0,0
2970,-0.3426,0.0122,0,0,0,0
2971,-0.3425,0.0091,0,0,0,0
2972,-0.3425,0.0152,0,0,0,0
2973,-0.3425,0.0122,0,0,0,0
2974,-0.3424,0.0091,0,0,0,0
2975,-0.3424,0.0061,0,0,0,0
2976,-0.3424,0.003,0,0,0,0
2977,-0.3423,0.0091,0,0,0,0
2978,-0.3423,0.0061,0,0,0,0
2979,-0.3423,0.0091,0,0,0,0
2980,-0.3423,0.0061,0,0,0,0
2981,-0.3423,0.003,0,0,0,0
2982,-0.3422,0.0091,0,0,0,0
2983,-0.3422,0.0061,0,0,0,0
2984,-0.3422,0.003,0,0,0,0
2985,-0.3422,0.003,0,0,0,0
2986,-0.3422,0.0061,0,0,0,0
2987,-0.3422,0.003,0,0,0,0
2988,-0.3422,0.0061,0,0,0,0
2989,-0.3421,0.003,0,0,0,0
2990,-0.3421,0,0,0,0,0
2991,-0.3421,0.003,0,0,0,0
2992,-0.3421,0,0,0,0,0
2993,-0.3421,-0.003,0,0,0,0
2994,-0.3421,0.003,0,0,0,0
2995,-0.3421,0.0061,0,0,0,0
2996,-0.342,0.0091,0,0,0,0
2997,-0.342,0,0,0,0,0
2998,-0.342,0,0,0,0,0
2999,-0.342,0.0061,0,0,0,0
3000,-0.342,0.0061,0,0,0,0
3001,-0.342,0.0061,0,0,0,0
3002,-0.342,0,0,0,0,0
3003,-0.342,0,0,0,0,0
3004,-0.3419,0.0061,0,0,0,0
3005,-0.3419,0,0,0,0,0
3006,-0.3419,0.003,0,0,0,0
3007,-0.3419,-0.003,0,0,0,0
3008,-0.3419,0,0,0,0,0
3009,-0.3419,0.0061,0,0,0,0
3010,-0.3419,0,0,0,0,0
3011,-0.3419,0.003,0,0,0,0
3012,-0.3419,0.003,0,0,0,0
3013,-0.3419,0.003,0,0,0,0
3014,-0.3419,0.003,0,0,0,0
3015,-0.3418,0,0,0,0,0
3016,-0.3418,0.0061,0,0,0,0
3017,-0.3418,0.003,0,0,0,0
3018,-0.3418,0,0,0,0,0
3019,-0.3418,0.0061,0,0,0,0
3020,-0.3418,0.003,0,0,0,0
3021,-0.3418,0,0,0,0,0
3022,-0.3418,0.003,0,0,0,0
3023,-0.3418,0.003,0,0,0,0
3024,-0.3418,-0.003,0,0,0,0
3025,-0.3418,0.003,0,0,0,0
3026,-0.3418,-0.003,0,0,0,0
3027,-0.3418,-0.003,0,0,0,0
3028,-0.3418,0.0061,0,0,0,0
3029,-0.3418,0,0,0,0,0
3030,-0.3418,0,0,0,0,0
3031,-0.3418,-0.003,0,0,0,0
3032,-0.3418,-0.003,0,0,0,0
3033,-0.3418,0,0,0,0,0
3034,-0.3418,0.003,0,0,0,0
3035,-0.3418,0.0061,0,0,0,0
3036,-0.3418,0,0,0,0,0
3037,-0.3418,0,0,0,0,0
3038,-0.3417,0,0,0,0,0
3039,-0.3418,0.0091,0,0,0,0
3040,-0.3417,-0.0091,0,0,0,0
3041,-0.3418,0,0,0,0,0
3042,-0.3417,-0.003,0,0,0,0
3043,-0.3418,0.0061,0,0,0,0
3044,-0.3417,-0.0091,0,0,0,0
3045,-0.3418,0.003,0,0,0,0
3046,-0.3418,-0.003,0,0,0,0
3047,-0.3418,-0.003,0,0,0,0
3048,-0.3418,0.0061,0,0,0,0
3049,-0.3418,-0.0061,0,0,0,0
3050,-0.3418,-0.003,0,0,0,0
3051,-0.3418,0.003,0,0,0,0
3052,-0.3418,-0.003,0,0,0,0
3053,-0.3418,-0.003,0,0,0,0
3054,-0.3418,-0.0061,0,0,0,0
3055,-0.3419,-0.0152,0,0,0,0
3056,-0.342,-0.0243,0,0,0,0
3057,-0.3421,-0.0274,0,0,0,0
3058,-0.3422,-0.0152,0,0,0,0
3059,-0.3423,-0.0274,0,0,0,0
3060,-0.3425,-0.0335,0,0,0,0
3061,-0.3426,-0.0304,0,0,0,0
3062,-0.3428,-0.0335,0,0,0,0
3063,-0.3429,-0.0426,0,0,0,0
3064,-0.3431,-0.0335,0,0,0,0
3065,-0.3432,-0.0396,0,0,0,0
3066,-0.3436,-0.0487,0,0,0,0
3067,-0.3439,-0.0669,0,0,0,0
3068,-0.3442,-0.0761,0,0,0,0
3069,-0.3445,-0.0882,0,0,0,0
3070,-0.3451,-0.1156,0,0,0,0
3071,-0.3455,-0.1369,0,0,0,0
3072,-0.3464,-0.1887,0,0,0,0
3073,-0.3472,-0.213,0,0,0,0
3074,-0.3486,-0.2465,0,0,0,0
3075,-0.3494,-0.2952,0,0,0,0
3076,-0.352,-0.5964,0,0,0,0
3077,-0.354,-0.7364,0,0,0,0
3078,-0.3589,-1.281,0,0,0,0
3079,-0.3629,-1.6188,0,0,0,0
3080,-0.3791,-2.5012,0,0,0,0
3081,-0.387,-2.9698,0,0,0,0
3082,-0.407,-3.8066,0,0,0,0
3083,-0.4232,-4.3117,0,0,0,0
3084,-0.4526,-5.392,0,0,0,0
3085,-0.4635,-5.8545,0,0,0,0
3086,-0.4876,-6.2014,0,0,0,0
3087,-0.5293,-7.452,0,0,0,0
3088,-0.5606,-7.9875,0,0,0,0
3089,-0.6039,-8.9734,0,0,0,0
3090,-0.6314,-9.369,0,0,0,0
3091,-0.7086,-10.0293,0,0,0,0
3092,-0.7388,-9.9684,0,0,0,0
3093,-0.7902,-10.4796,0,0,0,0
3094,-0.8322,-10.577,0,0,0,0
3095,-0.8967,-10.8752,0,0,0,0
3096,-0.9183,-10.9026,0,0,0,0
3097,-0.9508,-10.6774,0,0,0,0
3098,-0.983,-10.6105,0,0,0,0
3099,-1.0546,-9.5455,0,0,0,0
3100,-1.0827,-8.9765,0,0,0,0
3101,-1.1256,-7.8141,0,12.5057,0,0
3102,-1.1558,-7.1477,4,13.8606,0,1
3103,-1.2194,0.0122,13,13.8606,0,5
3104,-1.2194,-0.0304,13,13.8606,0,5
3105,-1.2195,-0.0122,13,13.8606,0,5
3106,-1.2195,-0.0243,13,13.8606,0,5
3107,-1.2197,-0.0274,13,13.8606,0,5
3108,-1.2199,-0.0548,13,13.8606,0,5
3109,-1.2202,-0.0669,13,13.8606,0,5
3110,-1.2207,-0.0761,13,13.8606,0,5
3111,-1.2209,-0.0882,13,13.8606,0,5
3112,-1.2215,-0.0852,13,13.8606,0,5
3113,-1.2219,-0.1004,13,13.8606,0,5
3114,-1.2226,-0.1035,13,13.8606,0,5
3115,-1.2228,-0.1095,13,13.8606,0,5
3116,-1.2235,-0.143,13,13.8606,0,5
3117,-1.2238,-0.1643,13,13.8606,0,5
3118,-1.2253,-0.2739,13,13.8606,0,5
3119,-1.2265,-0.3378,13,13.8606,0,5
3120,-1.2284,-0.4351,13,13.8606,0,5
3121,-1.2302,-0.4899,13,13.8606,0,5
3122,-1.2336,-0.6329,13,13.8606,0,5
3123,-1.2356,-0.709,13,13.8606,0,5
3124,-1.2412,-0.9098,13,13.8606,0,5
3125,-1.2461,-1.1563,13,13.8606,0,5
3126,-1.2546,-1.3815,13,14.2269,0,5
3127,-1.2604,-1.5184,14,14.3223,0,6
3128,-1.2687,-1.7679,14,14.3223,0,6
3129,-1.2741,-1.8866,14,14.4573,0,6
3130,-1.2836,-2.1148,14,14.6087,0,6
3131,-1.292,-2.1574,14,14.6087,0,6
3132,-1.3032,-2.3095,14,14.6087,0,6
3133,-1.3103,-2.553,14,14.8895,0,6
3134,-1.3257,-2.6108,14,14.8895,0,6
3135,-1.3336,-2.7751,14,14.8895,0,6
3136,-1.3513,-3.1281,14,15.2191,0,6
3137,-1.3576,-3.2985,14,15.2191,0,6
3138,-1.375,-3.6149,15,15.6663,0,6
3139,-1.3861,-3.8736,15,15.6663,0,6
3140,-1.4058,-4.0866,15,15.6663,0,6
3141,-1.4183,-4.327,15,16.1667,0,6
3142,-1.4444,-4.5369,15,16.1667,0,6
3143,-1.4578,-4.5095,16,16.1667,0,7
3144,-1.4851,-4.473,16,16.7741,0,7
3145,-1.499,-4.5369,16,16.7741,0,7
3146,-1.5363,-4.8503,16,17.4576,0,7
3147,-1.5509,-4.8686,16,17.4576,0,7
3148,-1.5808,-5.0694,17,17.4576,0,7
3149,-1.5962,-5.1485,17,18.0802,0,7
3150,-1.6328,-5.3463,18,18.0802,0,8
3151,-1.649,-5.5046,18,18.0802,0,8
3152,-1.6767,-5.605,18,18.861,0,8
3153,-1.694,-6.0523,18,18.861,0,8
3154,-1.712,-6.317,18,18.861,0,8
3155,-1.7312,-6.3931,18,19.6727,0,8
3156,-1.7653,-7.2268,18,19.6727,0,8
3157,-1.7947,-7.6985,19,19.6727,0,8
3158,-1.8428,-8.4653,19,20.6614,0,8
3159,-1.8684,-8.7361,19,20.6614,0,8
3160,-1.9217,-9.0312,20,21.7341,0,9
3161,-1.9493,-9.3142,20,21.7341,0,9
3162,-2.0064,-9.868,21,23.0251,0,9
3163,-2.0462,-10.0232,21,23.0251,0,9
3164,-2.1083,-10.7931,22,23.0251,0,9
3165,-2.1408,-11.0426,23,24.2037,0,10
3166,-2.2086,-11.4138,24,24.2037,0,10
3167,-2.2442,-12.0315,24,25.779,0,10
3168,-2.3187,-12.6857,25,25.779,0,11
3169,-2.3572,-13.2517,25,25.779,0,11
3170,-2.4375,-13.7386,25,27.699,0,11
3171,-2.4932,-14.1159,25,27.699,0,11
3172,-2.5363,-14.621,26,27.699,0,11
3173,-2.6263,-15.4882,27,29.4973,0,12
3174,-2.6735,-16.0298,28,29.4973,0,12
3175,-2.7554,-16.6293,28,29.4973,0,12
3176,-2.8064,-17.0644,29,31.6967,0,13
3177,-2.8587,-17.7643,29,31.6967,0,13
3178,-2.9671,-18.5615,31,31.6967,0,13
3179,-3.0234,-19.1123,31,34.1402,0,13
3180,-3.1412,-20.2655,33,34.1402,0,14
3181,-3.2023,-20.7128,34,34.1402,0,15
3182,-3.3282,-21.5131,34,36.8618,0,15
3183,-3.3933,-22.003,35,36.8618,0,15
3184,-3.4599,-22.6085,36,36.8618,0,16
3185,-3.5985,-23.774,36,39.8325,0,16
3186,-3.6943,-24.1239,38,39.8325,0,17
3187,-3.8169,-24.912,39,43.0921,0,17
3188,-3.9177,-25.5784,40,43.0921,0,18
3189,-4.0731,-26.2082,42,46.8824,0,18
3190,-4.1785,-26.4851,43,46.8824,0,19
3191,-4.3119,-26.8716,45,46.8824,0,20
3192,-4.4199,-27.1211,45,49.9188,0,20
3193,-4.5561,-27.2367,47,49.9188,0,21
3194,-4.6648,-27.0237,49,49.9188,0,22
3195,-4.8797,-26.6373,50,53.9272,0,22
3196,-4.9592,-26.3939,52,53.9272,0,23
3197,-5.0888,-25.4871,53,56.8182,0,23
3198,-5.1649,-25.1341,54,56.8182,0,24
3199,-5.265,-24.7325,55,56.8182,0,24
3200,-5.4116,-23.9504,56,56.8182,0,25
3201,-5.4831,-23.6948,56,56.8182,0,25
3202,-5.6008,-23.4484,56,56.8182,0,25
3203,-5.6712,-23.497,56,56.8182,0,25
3204,-5.7415,-23.4088,56,56.8182,0,25
3205,-5.8585,-23.2384,57,56.8182,0,25
3206,-5.9281,-23.1471,56,56.8182,0,25
3207,-6.0894,-23.0528,56,56.8182,0,25
3208,-6.1584,-22.7972,56,56.8182,0,25
3209,-6.272,-22.502,56,56.8182,0,25
3210,-6.3835,-22.0121,56,56.8182,0,25
3211,-6.5147,-21.717,56,56.8182,0,25
3212,-6.6011,-21.4036,56,56.8182,0,25
3213,-6.7702,-20.7919,56,56.8182,0,25
3214,-6.8529,-20.5303,56,56.8182,0,25
3215,-6.9967,-20.6398,56,56.8182,0,25
3216,-7.0792,-20.4633,56,56.8182,0,25
3217,-7.2222,-20.2047,56,56.8182,0,25
3218,-7.3032,-20.1681,56,56.8182,0,25
3219,-7.4042,-20.1742,56,56.8182,0,25
3220,-7.4646,-20.1408,56,56.8182,0,25
3221,-7.5644,-19.7665,57,56.8182,0,25
3222,-7.6233,-19.4592,56,56.8182,0,25
3223,-7.7964,-18.9753,56,56.8182,0,25
3224,-7.8722,-18.8749,56,56.8182,0,25
3225,-7.9842,-18.4672,56,56.8182,0,25
3226,-8.0393,-18.3698,56,56.8182,0,25
3227,-8.1488,-18.3455,56,56.8182,0,25
3228,-8.2223,-18.5159,56,56.8182,0,25
3229,-8.316,-18.9875,56,56.8182,0,25
3230,-8.3925,-19.2462,56,56.8182,0,25
3231,-8.4899,-19.8639,56,56.8182,0,25
3232,-8.5497,-20.1408,56,56.8182,0,25
3233,-8.6728,-20.8102,56,56.8182,0,25
3234,-8.7577,-21.5648,56,56.8182,0,25
3235,-8.8226,-21.8569,56,56.8182,0,25
3236,-8.8884,-22.1886,56,56.8182,0,25
3237,-9.0007,-22.8307,56,56.8182,0,25
3238,-9.0699,-23.6918,56,56.8182,0,25
3239,-9.2382,-24.8207,56,56.8182,0,25
3240,-9.3131,-25.2345,56,56.8182,0,25
3241,-9.4412,-26.2448,56,56.8182,0,25
3242,-9.5473,-27.0633,56,56.8182,0,25
3243,-9.7117,-27.8331,56,56.8182,0,25
3244,-9.7961,-28.5604,57,56.8182,0,25
3245,-10.0317,-30.6934,56,56.8182,0,25
3246,-10.1563,-31.5241,56,56.8182,0,25
3247,-10.3194,-33.7485,56,56.8182,0,25
3248,-10.4218,-34.777,56,56.8182,0,25
3249,-10.6354,-36.6331,56,56.8182,0,25
3250,-10.7461,-37.4334,56,56.8182,0,25
3251,-10.9374,-39.2926,56,56.8182,0,25
3252,-11.0967,-40.6923,56,56.8182,0,25
3253,-11.2203,-42.019,56,56.8182,0,25
3254,-11.3477,-42.941,56,56.8182,0,25
3255,-11.5662,-44.5111,56,56.8182,0,25
3256,-11.7006,-45.3297,56,56.8182,0,25
3257,-11.9753,-46.6776,56,56.8182,0,25
3258,-12.1162,-47.4292,55,56.8182,0,24
3259,-12.3559,-48.4729,56,56.8182,0,25
3260,-12.5022,-49.1606,56,56.8182,0,25
3261,-12.7998,-50.2834,56,56.8182,0,25
3262,-12.9516,-51.2663,56,56.8182,0,25
3263,-13.2109,-52.8638,56,56.8182,0,25
3264,-13.4244,-54.3731,56,56.8182,0,25
3265,-13.6432,-55.0821,57,56.8182,0,25
3266,-13.8107,-56.1897,55,56.8182,0,24
3267,-14.0961,-58.0914,57,56.8182,0,25
3268,-14.3302,-59.2843,56,56.8182,0,25
3269,-14.6888,-60.4345,55,56.8182,0,24
3270,-14.8709,-60.7813,56,56.8182,0,25
3271,-15.1163,-61.6942,56,56.8182,0,25
3272,-15.3639,-62.0441,56,56.8182,0,25
3273,-15.7383,-62.6071,56,56.8182,0,25
3274,-15.9265,-63.0452,56,56.8182,0,25
3275,-16.3065,-63.8333,56,56.8182,0,25
3276,-16.4983,-64.1407,56,56.8182,0,25
3277,-16.8856,-65.1631,56,56.8182,0,25
3278,-17.1473,-65.8295,55,56.8182,0,24
3279,-17.546,-66.9919,56,56.8182,0,25
3280,-17.8156,-67.9777,57,56.8182,0,25
3281,-18.1574,-69.2131,56,56.8182,0,25
3282,-18.3653,-69.7426,56,56.8182,0,25
3283,-18.5756,-70.5763,56,56.8182,0,25
3284,-18.7883,-71.4071,56,56.8182,0,25
3285,-19.1489,-72.7763,56,56.8182,0,25
3286,-19.3681,-73.4762,56,56.8182,0,25
3287,-19.8114,-74.5625,55,56.8182,0,24
3288,-20.1101,-74.7786,56,56.8182,0,25
3289,-20.4853,-75.2472,55,56.8182,0,24
3290,-20.7872,-75.7797,56,56.8182,0,25
3291,-21.3199,-76.3456,57,56.8182,0,25
3292,-21.5496,-76.796,56,56.8182,0,25
3293,-22.0116,-77.1642,57,56.8182,0,25
3294,-22.2429,-77.1733,55,56.8182,0,24
3295,-22.7058,-77.1277,56,56.8182,0,25
3296,-23.0911,-76.8751,55,56.8182,0,24
3297,-23.4761,-76.9025,56,56.8182,0,25
3298,-23.7843,-77.2037,57,56.8182,0,25
3299,-24.2488,-77.6571,56,56.8182,0,25
3300,-24.5604,-78.0162,57,56.8182,0,25
3301,-25.1112,-79.4159,56,56.8182,0,25
3302,-25.4305,-80.1857,57,56.8182,0,25
3303,-25.8341,-81.3938,56,56.8182,0,25
3304,-26.1611,-82.547,56,56.8182,0,25
3305,-26.7407,-83.2499,56,56.8182,0,25
3306,-26.9077,-83.5968,56,56.8182,0,25
3307,-27.159,-84.0045,57,56.8182,0,25
3308,-27.4112,-84.1658,55,56.8182,0,24
3309,-27.9191,-85.0117,55,56.8182,0,24
3310,-28.1744,-85.1669,56,56.8182,0,25
3311,-28.602,-86.0493,56,56.8182,0,25
3312,-28.8607,-86.5575,57,56.8182,0,25
3313,-29.5593,-88.438,56,56.8182,0,25
3314,-30.004,-89.8469,55,56.8182,0,24
3315,-30.5467,-91.3318,57,56.8182,0,25
3316,-30.9132,-91.9525,55,56.8182,0,24
3317,-31.3757,-93.5257,57,56.8182,0,25
3318,-32.0331,-94.6972,56,56.8182,0,25
3319,-32.6055,-96.3434,55,56.8182,0,24
3320,-32.8951,-97.0645,56,56.8182,0,25
3321,-33.4808,-98.3273,55,56.8182,0,24
3322,-33.8756,-99.3071,56,56.8182,0,25
3323,-34.3742,-100.281,56,56.8182,0,25
3324,-34.7765,-100.911,57,56.8182,0,25
3325,-35.2829,-101.821,57,56.8182,0,25
3326,-35.6915,-102.663,57,56.8182,0,25
3327,-36.3119,-104.654,56,56.8182,0,25
3328,-36.6266,-105.089,57,56.8182,0,25
3329,-37.1584,-107.423,56,56.8182,0,25
3330,-37.4816,-108.314,56,56.8182,0,25
3331,-38.1361,-110.018,56,56.8182,0,25
3332,-38.4667,-110.508,55,56.8182,0,24
3333,-39.0224,-111.859,56,56.8182,0,25
3334,-39.3588,-112.732,56,56.8182,0,25
3335,-39.6975,-113.548,56,56.8182,0,25
3336,-39.9247,-114.095,57,56.8182,0,25
3337,-40.6128,-115.541,56,56.8182,0,25
3338,-40.9601,-116.028,55,56.8182,0,24
3339,-41.6601,-117.102,56,56.8182,0,25
3340,-42.1294,-117.574,56,56.8182,0,25
3341,-42.7173,-117.598,55,56.8182,0,24
3342,-43.0706,-117.796,56,56.8182,0,25
3343,-43.4245,-117.92,56,56.8182,0,25
3344,-44.1341,-118.867,57,56.8182,0,25
3345,-44.491,-119.277,56,56.8182,0,25
3346,-45.3289,-120.355,56,56.8182,0,25
3347,-45.8105,-120.446,57,56.8182,0,25
3348,-46.4137,-120.963,56,56.8182,0,25
3349,-47.0193,-121.532,55,56.8182,0,24
3350,-47.7504,-122.272,56,56.8182,0,25
3351,-47.9957,-122.92,56,56.8182,0,25
3352,-48.6123,-124.076,55,56.8182,0,24
3353,-49.1089,-124.575,56,56.8182,0,25
3354,-49.733,-125.181,56,56.8182,0,25
3355,-50.2335,-125.114,56,56.8182,0,25
3356,-50.6092,-125.318,56,56.8182,0,25
3357,-51.487,-125.515,56,56.8182,0,25
3358,-51.7382,-125.844,57,56.8182,0,25
3359,-52.4942,-126.191,56,56.8182,0,25
3360,-52.9994,-126.41,55,56.8182,0,24
3361,-53.7576,-126.334,56,56.8182,0,25
3362,-54.1372,-126.547,56,56.8182,0,25
3363,-54.5167,-126.787,57,56.8182,0,25
3364,-54.8971,-126.754,57,56.8182,0,25
3365,-55.6614,-127.962,56,56.8182,0,25
3366,-56.0458,-128.223,56,56.8182,0,25
3367,-56.689,-128.896,56,56.8182,0,25
3368,-57.0764,-129.441,56,56.8182,0,25
3369,-57.8541,-129.943,55,56.8182,0,24
3370,-58.3742,-130.311,56,56.8182,0,25
3371,-59.0264,-130.898,55,56.8182,0,24
3372,-59.4193,-131.409,57,56.8182,0,25
3373,-60.21,-132.35,56,56.8182,0,25
3374,-60.7397,-132.578,55,56.8182,0,24
3375,-61.4035,-132.794,56,56.8182,0,25
3376,-61.8022,-132.919,56,56.8182,0,25
3377,-62.3345,-133.156,55,56.8182,0,24
3378,-63.0023,-133.798,57,56.8182,0,25
3379,-63.4045,-134.109,56,56.8182,0,25
3380,-64.3497,-135.73,56,56.8182,0,25
3381,-64.7576,-136.375,55,56.8182,0,24
3382,-65.4405,-136.89,57,56.8182,0,25
3383,-65.9895,-137.565,56,56.8182,0,25
3384,-66.8185,-139.217,56,56.8182,0,25
3385,-67.2366,-139.637,57,56.8182,0,25
3386,-67.6572,-140.712,56,56.8182,0,25
3387,-68.0802,-141.384,57,56.8182,0,25
3388,-69.0764,-143.252,55,56.8182,0,24
3389,-69.5073,-144.418,57,56.8182,0,25
3390,-70.3778,-146.447,57,56.8182,0,25
3391,-70.9656,-147.981,56,56.8182,0,25
3392,-71.8587,-150.202,56,56.8182,0,25
3393,-72.3105,-151.152,56,56.8182,0,25
3394,-73.2225,-153.047,57,56.8182,0,25
3395,-73.6828,-154.14,56,56.8182,0,25
3396,-74.6132,-156.407,57,56.8182,0,25
3397,-75.0841,-157.864,56,56.8182,0,25
3398,-75.8777,-159.897,56,56.8182,0,25
3399,-76.5196,-160.877,57,56.8182,0,25
3400,-77.3304,-163.217,57,56.8182,0,25
3401,-77.8217,-164.199,56,56.8182,0,25
3402,-78.317,-165.989,57,56.8182,0,25
3403,-78.8166,-167.495,56,56.8182,0,25
3404,-79.8285,-170.398,57,56.8182,0,25
3405,-80.5122,-171.575,56,56.8182,0,25
3406,-81.3761,-174.195,56,56.8182,0,25
3407,-81.9,-175.473,56,56.8182,0,25
3408,-82.9606,-178.352,56,56.8182,0,25
3409,-83.4969,-179.274,56,56.8182,0,25
3410,-84.763,-182.566,56,56.8182,0,25
3411,-85.4959,-183.975,56,56.8182,0,25
3412,-86.4231,-186.75,56,56.8182,0,25
3413,-87.1733,-188.381,56,56.8182,0,25
3414,-88.3115,-191.254,57,56.8182,0,25
3415,-88.8863,-192.434,55,56.8182,0,24
3416,-89.8533,-195.307,56,56.8182,0,25
3417,-90.6356,-196.722,57,56.8182,0,25
3418,-92.0219,-199.457,56,56.8182,0,25
3419,-92.4219,-200.747,57,56.8182,0,25
3420,-93.2277,-202.171,56,56.8182,0,25
3421,-94.6562,-205.729,56,56.8182,0,25
3422,-95.2753,-206.836,57,56.8182,0,25
3423,-96.3156,-209.413,55,56.8182,0,24
3424,-96.9453,-210.381,56,56.8182,0,25
3425,-98.4298,-214.02,57,56.8182,0,25
3426,-99.5027,-215.581,56,56.8182,0,25
3427,-100.585,-217.38,56,56.8182,0,25
3428,-101.457,-218.98,56,56.8182,0,25
3429,-102.777,-221.135,56,56.8182,0,25
3430,-103.664,-222.516,57,56.8182,0,25
3431,-105.681,-226.034,56,56.8182,0,25
3432,-106.36,-227.461,56,56.8182,0,25
3433,-107.957,-229.268,56,56.8182,0,25
3434,-108.875,-230.476,57,56.8182,0,25
3435,-110.262,-231.748,55,56.8182,0,24
3436,-110.958,-232.262,56,56.8182,0,25
3437,-112.353,-232.64,56,56.8182,0,25
3438,-113.052,-232.911,56,56.8182,0,25
3439,-114.21,-225.784,55,56.8182,0,24
3440,-115.331,-221.774,55,56.8182,0,24
3441,-117.128,-230.348,56,56.8182,0,25
3442,-118.059,-236.233,57,56.8182,0,25
3443,-119.503,-246.658,57,56.8182,0,25
3444,-120.497,-250.516,57,56.8182,0,25
3445,-122.001,-249.674,56,56.8182,0,25
3446,-122.748,-248.161,55,56.8182,0,24
3447,-123.985,-246.482,56,56.8182,0,25
3448,-124.968,-243.472,55,56.8182,0,24
3449,-126.67,-242.535,57,56.8182,0,25
3450,-127.157,-244.568,57,56.8182,0,25
3451,-128.894,-251.685,56,56.8182,0,25
3452,-129.653,-253.693,56,56.8182,0,25
3453,-131.174,-252.875,55,56.8182,0,24
3454,-131.932,-251.706,56,56.8182,0,25
3455,-133.434,-248.134,56,56.8182,0,25
3456,-134.422,-245.581,56,56.8182,0,25
3457,-135.892,-245.59,56,56.8182,0,25
3458,-136.878,-247.884,57,56.8182,0,25
3459,-138.377,-252.239,56,56.8182,0,25
3460,-139.136,-253.666,56,56.8182,0,25
3461,-139.898,-254.384,56,56.8182,0,25
3462,-141.677,-252.993,57,56.8182,0,25
3463,-142.434,-251.721,56,56.8182,0,25
3464,-143.936,-248.231,56,56.8182,0,25
3465,-144.679,-247.452,56,56.8182,0,25
3466,-146.165,-248.785,57,56.8182,0,25
3467,-146.913,-250.2,57,56.8182,0,25
3468,-148.173,-253.188,55,56.8182,0,24
3469,-148.934,-254.277,56,56.8182,0,25
3470,-149.952,-254.697,56,56.8182,0,25
3471,-150.462,-254.676,56,56.8182,0,25
3472,-151.988,-253.623,56,56.8182,0,25
3473,-152.746,-252.044,57,56.8182,0,25
3474,-154.506,-251.378,56,56.8182,0,25
3475,-155.01,-252.598,56,56.8182,0,25
3476,-156.278,-255.114,56,56.8182,0,25
3477,-157.303,-257.567,57,56.8182,0,25
3478,-158.855,-259.974,57,56.8182,0,25
3479,-159.635,-260.016,56,56.8182,0,25
3480,-160.935,-259.335,55,56.8182,0,24
3481,-161.713,-258.83,56,56.8182,0,25
3482,-162.747,-258.361,55,56.8182,0,24
3483,-164.297,-258.568,56,56.8182,0,25
3484,-165.074,-259.718,56,56.8182,0,25
3485,-166.904,-263.93,56,56.8182,0,25
3486,-167.697,-265.058,56,56.8182,0,25
3487,-169.293,-267.359,56,56.8182,0,25
3488,-170.095,-267.891,57,56.8182,0,25
3489,-171.969,-267.474,56,56.8182,0,25
3490,-172.771,-267.289,56,56.8182,0,25
3491,-174.376,-267.776,56,56.8182,0,25
3492,-175.448,-268.667,56,56.8182,0,25
3493,-177.064,-270.682,56,56.8182,0,25
3494,-178.149,-271.862,56,56.8182,0,25
3495,-179.783,-272.772,56,56.8182,0,25
3496,-180.602,-272.416,56,56.8182,0,25
3497,-182.234,-271.473,56,56.8182,0,25
3498,-183.048,-271.077,56,56.8182,0,25
3499,-183.861,-270.758,56,56.8182,0,25
3500,-184.673,-270.931,56,56.8182,0,25
3501,-186.029,-271.61,56,56.8182,0,25
3502,-186.573,-272.261,56,56.8182,0,25
3503,-188.211,-274.202,55,56.8182,0,24
3504,-189.308,-274.659,55,56.8182,0,24
3505,-190.683,-275.1,55,56.8182,0,24
3506,-191.783,-274.771,55,56.8182,0,24
3507,-193.704,-274.014,56,56.8182,0,25
3508,-194.8,-273.874,56,56.8182,0,25
3509,-196.17,-274.674,56,56.8182,0,25
3510,-196.994,-275.142,57,56.8182,0,25
3511,-198.924,-276.378,56,56.8182,0,25
3512,-199.754,-276.725,56,56.8182,0,25
3513,-201.415,-276.399,56,56.8182,0,25
3514,-202.52,-275.94,56,56.8182,0,25
3515,-204.176,-275.915,56,56.8182,0,25
3516,-205.004,-276.086,56,56.8182,0,25
3517,-205.832,-276.134,56,56.8182,0,25
3518,-206.661,-276.448,57,56.8182,0,25
3519,-208.326,-278.012,57,56.8182,0,25
3520,-209.44,-278.763,56,56.8182,0,25
3521,-210.837,-279.689,57,56.8182,0,25
3522,-211.676,-279.786,56,56.8182,0,25
3523,-213.353,-279.263,57,56.8182,0,25
3524,-214.191,-279.126,57,56.8182,0,25
3525,-215.586,-279.141,57,56.8182,0,25
3526,-216.702,-278.928,56,56.8182,0,25
3527,-218.378,-280.218,56,56.8182,0,25
3528,-219.219,-280.604,56,56.8182,0,25
3529,-220.344,-281.359,57,56.8182,0,25
3530,-221.188,-281.846,56,56.8182,0,25
3531,-222.882,-282.871,56,56.8182,0,25
3532,-223.732,-283.398,57,56.8182,0,25
3533,-225.15,-284.487,56,56.8182,0,25
3534,-226.573,-285.108,56,56.8182,0,25
3535,-228.288,-286.398,56,56.8182,0,25
3536,-229.148,-287.725,56,56.8182,0,25
3537,-231.168,-289.742,56,56.8182,0,25
3538,-232.038,-290.762,56,56.8182,0,25
3539,-233.786,-292.682,56,56.8182,0,25
3540,-234.958,-293.598,55,56.8182,0,24
3541,-236.724,-295.53,55,56.8182,0,24
3542,-237.908,-296.647,56,56.8182,0,25
3543,-239.397,-298.7,57,56.8182,0,25
3544,-240.594,-300.207,57,56.8182,0,25
3545,-242.403,-302.918,57,56.8182,0,25
3546,-243.618,-304.71,57,56.8182,0,25
3547,-245.762,-308.788,57,56.8182,0,25
3548,-247.308,-310.129,55,56.8182,0,24
3549,-248.863,-312.835,57,56.8182,0,25
3550,-250.43,-314.642,56,56.8182,0,25
3551,-252.322,-316.583,55,56.8182,0,24
3552,-253.273,-317.423,56,56.8182,0,25
3553,-254.865,-319.212,56,56.8182,0,25
3554,-255.824,-320.332,56,56.8182,0,25
3555,-257.751,-322.432,56,56.8182,0,25
3556,-258.719,-323.171,56,56.8182,0,25
3557,-260.664,-325.505,57,56.8182,0,25
3558,-261.642,-326.254,55,56.8182,0,24
3559,-263.604,-328.201,56,56.8182,0,25
3560,-265.248,-329.567,57,56.8182,0,25
3561,-267.888,-330.733,56,56.8182,0,25
3562,-269.212,-331.171,56,56.8182,0,25
3563,-270.868,-331.448,56,56.8182,0,25
3564,-272.526,-331.749,56,56.8182,0,25
3565,-274.516,-332.032,56,56.8182,0,25
3566,-275.844,-332.348,56,56.8182,0,25
3567,-278.5,-332.318,56,56.8182,0,25
3568,-280.161,-331.329,57,56.8182,0,25
3569,-282.142,-328.317,56,56.8182,0,25
3570,-283.453,-326.034,55,56.8182,0,24
3571,-285.401,-322.453,56,56.8182,0,25
3572,-286.69,-320.947,56,56.8182,0,25
3573,-289.242,-317.079,56,56.8182,0,25
3574,-290.189,-314.904,56,56.8182,0,25
3575,-292.064,-309.697,55,56.8182,0,24
3576,-292.989,-305.821,56,56.8182,0,25
3577,-295.118,-300.505,56,56.8182,0,25
3578,-296.314,-297.608,56,56.8182,0,25
3579,-298.079,-289.922,55,56.8182,0,24
3580,-299.522,-285.452,56,56.8182,0,25
3581,-301.217,-278.855,56,56.8182,0,25
3582,-302.326,-274.187,56,56.8182,0,25
3583,-304.484,-263.814,56,56.8182,0,25
3584,-305.532,-258.933,56,56.8182,0,25
3585,-307.065,-250.398,56,56.8182,0,25
3586,-308.059,-244.893,56,56.8182,0,25
3587,-309.506,-234.76,56,56.8182,0,25
3588,-310.442,-230.592,57,56.8182,0,25
3589,-312.463,-217.081,56,56.8182,0,25
3590,-313.323,-211.312,55,56.8182,0,24
3591,-314.767,-197.738,56,56.8182,0,25
3592,-315.747,-192.282,56,56.8182,0,25
3593,-316.864,-180.29,55,56.8182,0,24
3594,-317.574,-174.694,55,56.8182,0,24
3595,-318.906,-158.089,56,56.8182,0,25
3596,-319.528,-150.942,56,56.8182,0,25
3597,-320.55,-139.3,58,56.8182,0,26
3598,-321.096,-134.121,56,56.8182,0,25
3599,-321.866,-122.241,56,56.8182,0,25
3600,-322.344,-115.151,56,56.8182,0,25
3601,-323.216,-101.057,57,56.8182,0,25
3602,-323.704,-92.5033,56,56.8182,0,25
3603,-324.316,-81.126,56,56.8182,0,25
3604,-324.631,-76.1813,57,56.8182,0,25
3605,-325.055,-64.8892,56,56.8182,0,25
3606,-325.305,-60.1545,56,56.8182,0,25
3607,-325.679,-46.9576,56,56.8182,0,25
3608,-325.857,-42.1498,57,56.8182,0,25
3609,-326.077,-29.8962,56,56.8182,0,25
3610,-326.22,-23.8957,56,56.8182,0,25
3611,-326.341,-13.5864,56,56.8182,0,25
3612,-326.409,-7.7593,56,56.8182,0,25
3613,-326.426,2.4586,56,56.8182,0,25
3614,-326.413,4.2265,57,56.8182,0,25
3615,-326.379,7.4611,57,56.8182,0,25
3616,-326.34,8.8974,57,56.8182,0,25
3617,-326.259,11.6025,57,56.8182,0,25
3618,-326.223,12.7618,57,56.8182,0,25
3619,-326.113,15.047,57,56.8182,0,25
3620,-325.974,15.9233,56,56.8182,0,25
3621,-325.894,16.252,56,56.8182,0,25
3622,-325.74,18.2755,57,56.8182,0,25
3623,-325.665,19.3466,57,56.8182,0,25
3624,-325.523,21.1054,56,56.8182,0,25
3625,-325.459,21.7565,56,56.8182,0,25
3626,-325.28,23.1228,57,56.8182,0,25
3627,-325.164,23.5975,56,56.8182,0,25
3628,-325.021,24.4312,56,56.8182,0,25
3629,-324.897,25.1493,57,56.8182,0,25
3630,-324.691,26.5886,56,56.8182,0,25
3631,-324.611,26.9598,56,56.8182,0,25
3632,-324.334,28.3017,56,56.8182,0,25
3633,-324.079,28.816,56,56.8182,0,25
3634,-323.846,29.5067,56,56.8182,0,25
3635,-323.757,29.8506,56,56.8182,0,25
3636,-323.546,30.4409,56,56.8182,0,25
3637,-323.394,30.4774,56,56.8182,0,25
3638,-323.181,30.2796,57,56.8182,0,25
3639,-323.03,29.9692,56,56.8182,0,25
3640,-322.792,29.3607,57,56.8182,0,25
3641,-322.675,29.2389,56,56.8182,0,25
3642,-322.443,28.7004,56,56.8182,0,25
3643,-322.299,28.5087,56,56.8182,0,25
3644,-322.047,27.4984,56,56.8182,0,25
3645,-321.937,27.2885,56,56.8182,0,25
3646,-321.721,26.5977,56,56.8182,0,25
3647,-321.615,26.4608,56,56.8182,0,25
3648,-321.429,26.5643,56,56.8182,0,25
3649,-321.297,26.3847,56,56.8182,0,25
3650,-321.062,25.7609,57,56.8182,0,25
3651,-320.985,25.5571,56,56.8182,0,25
3652,-320.833,24.982,56,56.8182,0,25
3653,-320.733,24.769,56,56.8182,0,25
3654,-320.535,24.7964,56,56.8182,0,25
3655,-320.436,24.6929,56,56.8182,0,25
3656,-320.191,24.2152,56,56.8182,0,25
3657,-320.022,23.5731,56,56.8182,0,25
3658,-319.814,22.645,56,56.8182,0,25
3659,-319.724,22.3499,56,56.8182,0,25
3660,-319.569,21.7717,56,56.8182,0,25
3661,-319.461,21.2879,56,56.8182,0,25
3662,-319.293,20.442,57,56.8182,0,25
3663,-319.232,20.0647,56,56.8182,0,25
3664,-319.075,19.1336,56,56.8182,0,25
3665,-319,18.7715,56,56.8182,0,25
3666,-318.834,17.7491,56,56.8182,0,25
3667,-318.711,17.1101,56,56.8182,0,25
3668,-318.529,15.8412,56,56.8182,0,25
3669,-318.482,15.4487,56,56.8182,0,25
3670,-318.376,14.6636,56,56.8182,0,25
3671,-318.305,13.8025,56,56.8182,0,25
3672,-318.211,12.707,56,56.8182,0,25
3673,-318.161,12.5001,56,56.8182,0,25
3674,-318.053,11.5203,56,56.8182,0,25
3675,-318.019,11.1856,56,56.8182,0,25
3676,-317.942,10.4614,56,56.8182,0,25
3677,-317.851,9.9045,56,56.8182,0,25
3678,-317.792,9.5303,56,56.8182,0,25
3679,-317.718,9.1834,56,56.8182,0,25
3680,-317.69,9.0951,56,56.8182,0,25
3681,-317.636,8.7604,56,56.8182,0,25
3682,-317.593,8.3131,56,56.8182,0,25
3683,-317.519,7.9389,56,56.8182,0,25
3684,-317.48,7.4824,56,56.8182,0,25
3685,-317.43,6.886,56,56.8182,0,25
3686,-317.403,6.7004,56,56.8182,0,25
3687,-317.34,5.8332,56,56.8182,0,25
3688,-317.295,5.5472,56,56.8182,0,25
3689,-317.268,5.5137,56,56.8182,0,25
3690,-317.23,5.3828,56,56.8182,0,25
3691,-317.208,5.2094,56,56.8182,0,25
3692,-317.161,5.1455,56,56.8182,0,25
3693,-317.14,5.2003,56,56.8182,0,25
3694,-317.109,5.3068,56,56.8182,0,25
3695,-317.078,5.2824,56,56.8182,0,25
3696,-317.03,5.395,56,56.8182,0,25
3697,-317.009,5.462,56,56.8182,0,25
3698,-316.969,6.0036,56,56.8182,0,25
3699,-316.951,6.1649,56,56.8182,0,25
3700,-316.893,6.9104,56,56.8182,0,25
3701,-316.865,7.3151,56,56.8182,0,25
3702,-316.81,8.301,56,56.8182,0,25
3703,-316.767,8.9278,56,56.8182,0,25
3704,-316.701,9.9837,56,56.8182,0,25
3705,-316.67,10.5527,56,56.8182,0,25
3706,-316.57,11.8915,56,56.8182,0,25
3707,-316.522,12.2719,56,56.8182,0,25
3708,-316.433,13.4586,56,56.8182,0,25
3709,-316.364,14.2315,56,56.8182,0,25
3710,-316.26,15.5399,56,56.8182,0,25
3711,-316.181,16.3615,56,56.8182,0,25
3712,-316.065,17.1466,56,56.8182,0,25
3713,-315.977,18.0503,56,56.8182,0,25
3714,-315.788,19.8578,56,56.8182,0,25
3715,-315.647,20.6246,56,56.8182,0,25
3716,-315.436,21.79,56,56.8182,0,25
3717,-315.348,21.9847,56,56.8182,0,25
3718,-315.215,22.6755,56,56.8182,0,25
3719,-315.101,23.1532,56,56.8182,0,25
3720,-314.889,23.8957,56,56.8182,0,25
3721,-314.769,24.4038,56,56.8182,0,25
3722,-314.572,24.982,56,56.8182,0,25
3723,-314.471,25.2011,56,56.8182,0,25
3724,-314.241,26.1869,56,56.8182,0,25
3725,-314.135,26.8838,56,56.8182,0,25
3726,-313.916,28.4387,56,56.8182,0,25
3727,-313.773,29.1629,56,56.8182,0,25
3728,-313.565,30.4622,56,56.8182,0,25
3729,-313.442,31.2625,57,56.8182,0,25
3730,-313.156,32.58,56,56.8182,0,25
3731,-313.025,33.2738,56,56.8182,0,25
3732,-312.718,35.0569,56,56.8182,0,25
3733,-312.577,35.4281,56,56.8182,0,25
3734,-312.325,36.1219,56,56.8182,0,25
3735,-312.144,36.6544,56,56.8182,0,25
3736,-311.886,37.0896,56,56.8182,0,25
3737,-311.737,37.4273,56,56.8182,0,25
3738,-311.436,37.972,56,56.8182,0,25
3739,-311.322,38.1333,56,56.8182,0,25
3740,-310.978,38.2458,56,56.8182,0,25
3741,-310.787,38.1941,56,56.8182,0,25
3742,-310.52,38.0389,56,56.8182,0,25
3743,-310.329,38.2763,56,56.8182,0,25
3744,-310.061,38.3037,56,56.8182,0,25
3745,-309.868,38.538,56,56.8182,0,25
3746,-309.599,38.6171,56,56.8182,0,25
3747,-309.483,38.5745,56,56.8182,0,25
3748,-309.136,38.6901,56,56.8182,0,25
3749,-308.981,38.5745,56,56.8182,0,25
3750,-308.712,38.3889,57,56.8182,0,25
3751,-308.558,38.471,56,56.8182,0,25
3752,-308.289,38.115,57,56.8182,0,25
3753,-308.137,37.6829,56,56.8182,0,25
3754,-307.764,36.5905,57,56.8182,0,25
3755,-307.654,36.3867,56,56.8182,0,25
3756,-307.403,35.5407,57,56.8182,0,25
3757,-307.227,34.6918,56,56.8182,0,25
3758,-306.988,33.502,57,56.8182,0,25
3759,-306.855,33.073,56,56.8182,0,25
3760,-306.565,31.6763,56,56.8182,0,25
3761,-306.345,30.7756,56,56.8182,0,25
3762,-306.072,29.7258,56,56.8182,0,25
3763,-305.895,29.1355,56,56.8182,0,25
3764,-305.607,28.0309,56,56.8182,0,25
3765,-305.386,27.2002,56,56.8182,0,25
3766,-305.278,26.7712,56,56.8182,0,25
3767,-305.093,25.9435,56,56.8182,0,25
3768,-305.015,25.4019,56,56.8182,0,25
3769,-304.815,24.4799,56,56.8182,0,25
3770,-304.742,24.0539,56,56.8182,0,25
3771,-304.556,22.4929,56,56.8182,0,25
3772,-304.489,22.0791,56,56.8182,0,25
3773,-304.317,20.7037,56,56.8182,0,25
3774,-304.216,19.7482,56,56.8182,0,25
3775,-304.026,17.9773,56,56.8182,0,25
3776,-303.955,17.3931,56,56.8182,0,25
3777,-303.853,16.0633,56,56.8182,0,25
3778,-303.773,15.2722,56,56.8182,0,25
3779,-303.67,14.268,56,56.8182,0,25
3780,-303.614,13.5986,56,56.8182,0,25
3781,-303.51,12.2567,56,56.8182,0,25
3782,-303.462,11.7364,56,56.8182,0,25
3783,-303.396,10.3366,56,56.8182,0,25
3784,-303.345,9.7037,56,56.8182,0,25
3785,-303.281,8.5109,56,56.8182,0,25
3786,-303.248,8.0058,56,56.8182,0,25
3787,-303.188,6.9043,56,56.8182,0,25
3788,-303.168,6.3809,56,56.8182,0,25
3789,-303.126,5.1029,56,56.8182,0,25
3790,-303.102,4.4487,56,56.8182,0,25
3791,-303.07,3.2437,56,56.8182,0,25
3792,-303.046,1.4393,56,56.8182,0,25
3793,-303.042,0.9524,56,56.8182,0,25
3794,-303.039,-0.1308,56,56.8182,0,25
3795,-303.04,-0.1126,56,56.8182,0,25
3796,-303.039,0.0122,56,56.8182,0,25
3797,-303.04,-0.0609,56,56.8182,0,25
3798,-303.039,-0.0213,56,56.8182,0,25
3799,-303.04,-0.0243,56,56.8182,0,25
3800,-303.039,-0.0122,56,56.8182,0,25
3801,-303.04,0.003,56,56.8182,0,25
3802,-303.04,-0.0183,56,56.8182,0,25
3803,-303.04,0.0122,56,56.8182,0,25
3804,-303.04,-0.0061,56,56.8182,0,25
3805,-303.04,0.003,56,56.8182,0,25
3806,-303.04,0.0061,56,56.8182,0,25
3807,-303.04,-0.0091,56,56.8182,0,25
3808,-303.04,0,56,56.8182,0,25
3809,-303.04,0.0152,56,56.8182,0,25
3810,-303.04,0.0061,56,56.8182,0,25
3811,-303.04,0,56,56.8182,0,25
3812,-303.04,-0.003,56,56.8182,0,25
3813,-303.04,0.003,56,56.8182,0,25
3814,-303.04,0.003,56,56.8182,0,25
3815,-303.04,0.003,56,56.8182,0,25
3816,-303.04,0.0091,56,56.8182,0,25
3817,-303.04,0.003,56,56.8182,0,25
3818,-303.04,0.0091,56,56.8182,0,25
3819,-303.04,-0.0122,56,56.8182,0,25
3820,-303.04,-0.0122,56,56.8182,0,25
3821,-303.04,0.0243,56,56.8182,0,25
3822,-303.04,0.0091,56,56.8182,0,25
3823,-303.04,-0.0091,56,56.8182,0,25
3824,-303.04,-0.003,56,56.8182,0,25
3825,-303.04,0.0061,56,56.8182,0,25
3826,-303.04,0.003,56,56.8182,0,25
3827,-303.04,0.003,56,56.8182,0,25
3828,-303.039,0.0061,56,56.8182,0,25
3829,-303.04,0.003,56,56.8182,0,25
3830,-303.039,-0.0061,56,56.8182,0,25
3831,-303.04,0,56,56.8182,0,25
3832,-303.039,-0.003,56,56.8182,0,25
3833,-303.04,0.0122,56,56.8182,0,25
3834,-303.04,0.003,56,56.8182,0,25
3835,-303.04,0,56,56.8182,0,25
3836,-303.04,0.003,56,56.8182,0,25
3837,-303.039,-0.0091,56,56.8182,0,25
3838,-303.04,0.003,56,56.8182,0,25
3839,-303.039,-0.003,56,56.8182,0,25
3840,-303.039,-0.0061,56,56.8182,0,25
3841,-303.039,-0.0122,56,56.8182,0,25
3842,-303.04,0.003,56,56.8182,0,25
3843,-303.039,-0.0061,56,56.8182,0,25
3844,-303.039,0.0122,56,56.8182,0,25
3845,-303.04,0.0091,56,56.8182,0,25
3846,-303.039,0.0061,56,56.8182,0,25
3847,-303.039,0,56,56.8182,0,25
3848,-303.04,-0.003,56,56.8182,0,25
3849,-303.039,0.0152,56,56.8182,0,25
3850,-303.039,-0.0061,56,56.8182,0,25
3851,-303.039,-0.0091,56,56.8182,0,25
3852,-303.039,0.0122,56,56.8182,0,25
3853,-303.039,-0.003,56,56.8182,0,25
3854,-303.039,0,56,56.8182,0,25
3855,-303.039,0,56,56.8182,0,25
3856,-303.039,-0.0091,56,56.8182,0,25
3857,-303.04,0.0061,56,56.8182,0,25
3858,-303.039,-0.0152,56,56.8182,0,25
3859,-303.04,0.0061,56,56.8182,0,25
3860,-303.04,-0.0061,56,56.8182,0,25
3861,-303.04,-0.0122,56,56.8182,0,25
3862,-303.04,0.003,56,56.8182,0,25
3863,-303.04,-0.003,56,56.8182,0,25
3864,-303.04,0.0091,56,56.8182,0,25
3865,-303.04,-0.0122,56,56.8182,0,25
3866,-303.04,-0.0061,56,56.8182,0,25
3867,-303.04,-0.0061,56,56.8182,0,25
3868,-303.04,-0.0061,56,56.8182,0,25
3869,-303.04,-0.003,56,56.8182,0,25
3870,-303.04,-0.0091,56,56.8182,0,25
3871,-303.04,-0.0152,56,56.8182,0,25
3872,-303.04,-0.0091,56,56.8182,0,25
3873,-303.04,0.003,56,56.8182,0,25
3874,-303.04,0.003,56,56.8182,0,25
3875,-303.04,-0.0061,56,56.8182,0,25
3876,-303.04,-0.0213,56,56.8182,0,25
3877,-303.04,-0.0183,56,56.8182,0,25
3878,-303.04,-0.0213,56,56.8182,0,25
3879,-303.041,-0.0243,56,56.8182,0,25
3880,-303.041,-0.0152,56,56.8182,0,25
3881,-303.041,-0.0122,56,56.8182,0,25
3882,-303.041,-0.0183,56,56.8182,0,25
3883,-303.041,-0.0091,56,56.8182,0,25
3884,-303.041,-0.0183,56,56.8182,0,25
3885,-303.041,0,56,56.8182,0,25
3886,-303.041,-0.0396,56,56.8182,0,25
3887,-303.041,-0.0243,56,56.8182,0,25
3888,-303.042,-0.0548,56,56.8182,0,25
3889,-303.042,-0.0304,56,56.8182,0,25
3890,-303.042,-0.0426,56,56.8182,0,25
3891,-303.043,-0.0456,56,56.8182,0,25
3892,-303.043,-0.0517,56,56.8182,0,25
3893,-303.043,-0.0456,56,56.8182,0,25
3894,-303.043,-0.0304,56,56.8182,0,25
3895,-303.043,-0.0456,56,56.8182,0,25
3896,-303.044,-0.0517,56,56.8182,0,25
3897,-303.044,-0.0456,56,56.8182,0,25
3898,-303.044,-0.0213,56,56.8182,0,25
3899,-303.044,-0.0304,56,56.8182,0,25
3900,-303.045,-0.0396,56,56.8182,0,25
3901,-303.045,-0.0335,56,56.8182,0,25
3902,-303.045,-0.0913,56,56.8182,0,25
3903,-303.046,-0.0517,56,56.8182,0,25
3904,-303.046,-0.0335,56,56.8182,0,25
3905,-303.046,-0.003,56,56.8182,0,25
3906,-303.046,-0.0517,56,56.8182,0,25
3907,-303.046,-0.0609,56,56.8182,0,25
3908,-303.046,-0.0122,56,56.8182,0,25
3909,-303.046,0.0061,56,56.8182,0,25
3910,-303.047,-0.0213,56,56.8182,0,25
3911,-303.047,-0.0304,56,56.8182,0,25
3912,-303.047,-0.0091,56,56.8182,0,25
3913,-303.047,-0.0183,56,56.8182,0,25
3914,-303.047,0.0091,56,56.8182,0,25
3915,-303.047,-0.0213,56,56.8182,0,25
3916,-303.047,-0.003,56,56.8182,0,25
3917,-303.047,-0.0061,56,56.8182,0,25
3918,-303.047,0,56,56.8182,0,25
3919,-303.047,0,56,56.8182,0,25
3920,-303.047,-0.003,56,56.8182,0,25
3921,-303.047,-0.003,56,56.8182,0,25
3922,-303.047,-0.0061,56,56.8182,0,25
3923,-303.047,-0.0061,56,56.8182,0,25
3924,-303.047,-0.0122,56,56.8182,0,25
3925,-303.047,0,56,56.8182,0,25
3926,-303.047,-0.0091,56,56.8182,0,25
3927,-303.047,0.0091,56,56.8182,0,25
3928,-303.047,0.0183,56,56.8182,0,25
3929,-303.047,0,56,56.8182,0,25
3930,-303.047,0.003,56,56.8182,0,25
3931,-303.047,-0.0122,56,56.8182,0,25
3932,-303.047,0.0091,56,56.8182,0,25
3933,-303.047,0,56,56.8182,0,25
3934,-303.047,0.0091,56,56.8182,0,25
3935,-303.047,0.0061,56,56.8182,0,25
3936,-303.046,0.0243,56,56.8182,0,25
3937,-303.046,0.0061,56,56.8182,0,25
3938,-303.046,0.0213,56,56.8182,0,25
3939,-303.046,0.0061,56,56.8182,0,25
3940,-303.046,0.0061,56,56.8182,0,25
3941,-303.046,0.0335,56,56.8182,0,25
3942,-303.046,0.0152,56,56.8182,0,25
3943,-303.046,0.0365,56,56.8182,0,25
3944,-303.046,0.0122,56,56.8182,0,25
3945,-303.046,0.0304,56,56.8182,0,25
3946,-303.045,0.0335,56,56.8182,0,25
3947,-303.045,0.0243,56,56.8182,0,25
3948,-303.045,0.0091,56,56.8182,0,25
3949,-303.045,0.0578,56,56.8182,0,25
3950,-303.045,0.0426,56,56.8182,0,25
3951,-303.044,0.0669,56,56.8182,0,25
3952,-303.044,0.0761,56,56.8182,0,25
3953,-303.043,0.07,56,56.8182,0,25
3954,-303.043,0.0639,56,56.8182,0,25
3955,-303.043,0.0669,56,56.8182,0,25
3956,-303.042,0.073,56,56.8182,0,25
3957,-303.042,0.0791,56,56.8182,0,25
3958,-303.042,0.0791,56,56.8182,0,25
3959,-303.041,0.0974,56,56.8182,0,25
3960,-303.04,0.1217,56,56.8182,0,25
3961,-303.039,0.1339,56,56.8182,0,25
3962,-303.039,0.1248,56,56.8182,0,25
3963,-303.038,0.1369,56,56.8182,0,25
3964,-303.037,0.1674,56,56.8182,0,25
3965,-303.036,0.3286,56,56.8182,0,25
3966,-303.034,0.4595,56,56.8182,0,25
3967,-303.029,0.9646,56,56.8182,0,25
3968,-303.024,1.2628,56,56.8182,0,25
3969,-303.014,1.8835,56,56.8182,0,25
3970,-303.003,2.3339,56,56.8182,0,25
3971,-302.984,3.3776,56,56.8182,0,25
3972,-302.97,4.0592,56,56.8182,0,25
3973,-302.937,5.4741,56,56.8182,0,25
3974,-302.914,6.3505,56,56.8182,0,25
3975,-302.849,8.6326,56,56.8182,0,25
3976,-302.812,9.8315,56,56.8182,0,25
3977,-302.737,12.0346,56,56.8182,0,25
3978,-302.674,13.696,56,56.8182,0,25
3979,-302.555,16.1424,56,56.8182,0,25
3980,-302.488,17.1435,56,56.8182,0,25
3981,-302.337,20.6094,56,56.8182,0,25
3982,-302.138,23.9474,56,56.8182,0,25
3983,-302.04,25.4293,56,56.8182,0,25
3984,-301.854,28.2105,56,56.8182,0,25
3985,-301.739,29.8384,56,56.8182,0,25
3986,-301.457,33.2951,56,56.8182,0,25
3987,-301.355,34.5944,56,56.8182,0,25
3988,-301.105,37.9172,56,56.8182,0,25
3989,-300.913,39.5147,56,56.8182,0,25
3990,-300.67,41.7208,57,56.8182,0,25
3991,-300.457,43.4613,56,56.8182,0,25
3992,-300.102,45.9017,56,56.8182,0,25
3993,-299.963,46.7415,56,56.8182,0,25
3994,-299.678,48.9902,56,56.8182,0,25
3995,-299.382,50.393,56,56.8182,0,25
3996,-299.022,52.9581,56,56.8182,0,25
3997,-298.473,57.2303,57,56.8182,0,25
3998,-298.3,58.1706,56,56.8182,0,25
3999,-297.943,61.5512,56,56.8182,0,25
4000,-297.634,63.1639,57,56.8182,0,25
4001,-297.185,65.4735,57,56.8182,0,25
4002,-296.922,66.4107,56,56.8182,0,25
4003,-296.315,68.8206,56,56.8182,0,25
4004,-296.108,69.2831,55,56.8182,0,24
4005,-295.617,71.4801,56,56.8182,0,25
4006,-295.259,72.3138,56,56.8182,0,25
4007,-294.747,74.2491,56,56.8182,0,25
4008,-294.448,75.2441,55,56.8182,0,24
4009,-293.838,77.5171,57,56.8182,0,25
4010,-293.37,79.0629,57,56.8182,0,25
4011,-292.651,81.196,57,56.8182,0,25
4012,-292.244,82.0297,57,56.8182,0,25
4013,-291.417,84.1902,57,56.8182,0,25
4014,-290.909,85.4134,55,56.8182,0,24
4015,-290.13,88.1489,55,56.8182,0,24
4016,-289.776,89.1744,56,56.8182,0,25
4017,-289.059,90.5619,56,56.8182,0,25
4018,-288.605,91.1918,55,56.8182,0,24
4019,-287.963,92.6372,57,56.8182,0,25
4020,-287.592,93.0906,55,56.8182,0,24
4021,-286.743,95.7226,55,56.8182,0,24
4022,-286.359,96.3586,56,56.8182,0,25
4023,-285.775,98.4125,57,56.8182,0,25
4024,-285.283,99.0272,57,56.8182,0,25
4025,-284.587,100.016,57,56.8182,0,25
4026,-284.186,100.576,55,56.8182,0,24
4027,-283.375,102.569,55,56.8182,0,24
4028,-283.067,103.439,57,56.8182,0,25
4029,-282.338,105.143,56,56.8182,0,25
4030,-281.809,106.382,57,56.8182,0,25
4031,-281.062,107.036,57,56.8182,0,25
4032,-280.634,107.283,56,56.8182,0,25
4033,-279.879,108.281,55,56.8182,0,24
4034,-279.554,108.816,56,56.8182,0,25
4035,-278.897,110.481,56,56.8182,0,25
4036,-278.344,111.281,56,56.8182,0,25
4037,-277.674,112.395,57,56.8182,0,25
4038,-277.224,112.607,57,56.8182,0,25
4039,-276.204,113.8,56,56.8182,0,25
4040,-275.862,114.169,56,56.8182,0,25
4041,-274.943,115.714,55,56.8182,0,24
4042,-273.895,116.658,55,56.8182,0,24
4043,-273.311,117.09,56,56.8182,0,25
4044,-272.373,117.421,56,56.8182,0,25
4045,-271.902,117.914,56,56.8182,0,25
4046,-270.955,118.867,57,56.8182,0,25
4047,-270.479,119.268,56,56.8182,0,25
4048,-269.643,119.491,56,56.8182,0,25
4049,-268.925,119.78,56,56.8182,0,25
4050,-267.965,120.412,55,56.8182,0,24
4051,-267.603,121.088,56,56.8182,0,25
4052,-266.388,121.809,56,56.8182,0,25
4053,-265.779,121.946,57,56.8182,0,25
4054,-264.557,122.713,56,56.8182,0,25
4055,-263.942,123.446,57,56.8182,0,25
4056,-263.075,124.411,56,56.8182,0,25
4057,-262.577,124.657,56,56.8182,0,25
4058,-261.579,124.855,56,56.8182,0,25
4059,-261.204,124.952,56,56.8182,0,25
4060,-260.202,125.978,57,56.8182,0,25
4061,-259.697,126.41,56,56.8182,0,25
4062,-258.935,127.308,56,56.8182,0,25
4063,-258.298,127.615,56,56.8182,0,25
4064,-257.275,128.449,56,56.8182,0,25
4065,-256.889,128.723,56,56.8182,0,25
4066,-255.984,130.18,57,56.8182,0,25
4067,-255.462,130.874,57,56.8182,0,25
4068,-254.411,131.799,55,56.8182,0,24
4069,-253.884,132.204,56,56.8182,0,25
4070,-252.956,133.08,57,56.8182,0,25
4071,-252.422,133.801,56,56.8182,0,25
4072,-251.479,135.32,56,56.8182,0,25
4073,-250.936,135.733,57,56.8182,0,25
4074,-249.848,136.631,56,56.8182,0,25
4075,-249.301,136.728,55,56.8182,0,24
4076,-248.476,138.146,56,56.8182,0,25
4077,-247.645,138.816,55,56.8182,0,24
4078,-246.67,139.719,57,56.8182,0,25
4079,-246.111,140.139,56,56.8182,0,25
4080,-244.705,141.366,56,56.8182,0,25
4081,-244.28,141.819,55,56.8182,0,24
4082,-243.286,142.339,56,56.8182,0,25
4083,-242.574,142.394,56,56.8182,0,25
4084,-241.433,143.128,57,56.8182,0,25
4085,-241.003,143.891,56,56.8182,0,25
4086,-239.851,144.305,57,56.8182,0,25
4087,-238.984,144.512,56,56.8182,0,25
4088,-237.683,145.34,55,56.8182,0,24
4089,-236.518,146.195,56,56.8182,0,25
4090,-235.055,146.438,57,56.8182,0,25
4091,-234.322,146.727,56,56.8182,0,25
4092,-232.996,147.874,56,56.8182,0,25
4093,-232.552,148.24,56,56.8182,0,25
4094,-231.513,148.708,56,56.8182,0,25
4095,-230.769,149.158,56,56.8182,0,25
4096,-229.722,150.138,56,56.8182,0,25
4097,-229.12,150.75,57,56.8182,0,25
4098,-227.761,151.331,56,56.8182,0,25
4099,-227.154,151.681,55,56.8182,0,24
4100,-226.242,153.008,56,56.8182,0,25
4101,-225.323,153.604,57,56.8182,0,25
4102,-224.246,154.264,57,56.8182,0,25
4103,-223.475,154.252,56,56.8182,0,25
4104,-222.242,154.295,57,56.8182,0,25
4105,-221.933,154.639,56,56.8182,0,25
4106,-220.385,154.961,56,56.8182,0,25
4107,-219.61,155.287,56,56.8182,0,25
4108,-218.365,156.084,56,56.8182,0,25
4109,-217.74,156.534,56,56.8182,0,25
4110,-216.644,156.839,56,56.8182,0,25
4111,-215.861,156.766,57,56.8182,0,25
4112,-214.763,156.909,56,56.8182,0,25
4113,-214.135,157.018,56,56.8182,0,25
4114,-213.191,157.055,56,56.8182,0,25
4115,-212.406,156.753,56,56.8182,0,25
4116,-211.465,156.909,57,56.8182,0,25
4117,-210.836,157.243,56,56.8182,0,25
4118,-209.575,157.654,57,56.8182,0,25
4119,-209.102,157.657,56,56.8182,0,25
4120,-207.998,157.685,57,56.8182,0,25
4121,-207.21,157.742,56,56.8182,0,25
4122,-206.102,158.616,56,56.8182,0,25
4123,-205.468,158.451,57,56.8182,0,25
4124,-204.201,158.47,55,56.8182,0,24
4125,-203.566,158.677,56,56.8182,0,25
4126,-201.977,158.954,56,56.8182,0,25
4127,-201.5,158.887,56,56.8182,0,25
4128,-200.388,158.987,57,56.8182,0,25
4129,-199.593,159.224,56,56.8182,0,25
4130,-198.478,159.462,56,56.8182,0,25
4131,-197.84,159.151,56,56.8182,0,25
4132,-196.411,158.78,56,56.8182,0,25
4133,-195.299,158.686,56,56.8182,0,25
4134,-193.873,157.712,56,56.8182,0,25
4135,-193.242,157.24,56,56.8182,0,25
4136,-192.143,156.814,56,56.8182,0,25
4137,-191.517,156.617,55,56.8182,0,24
4138,-190.267,155.698,56,56.8182,0,25
4139,-189.645,155.077,56,56.8182,0,25
4140,-188.562,154.602,56,56.8182,0,25
4141,-187.789,154.429,57,56.8182,0,25
4142,-186.403,153.412,56,56.8182,0,25
4143,-185.943,153.154,57,56.8182,0,25
4144,-184.719,152.652,56,56.8182,0,25
4145,-183.346,152.408,56,56.8182,0,25
4146,-182.736,152.025,56,56.8182,0,25
4147,-181.373,151.115,55,56.8182,0,24
4148,-180.617,151.237,56,56.8182,0,25
4149,-179.559,150.978,56,56.8182,0,25
4150,-178.805,150.595,55,56.8182,0,24
4151,-177.602,150.108,56,56.8182,0,25
4152,-176.851,150.099,56,56.8182,0,25
4153,-175.499,150.294,57,56.8182,0,25
4154,-174.898,150.065,56,56.8182,0,25
4155,-173.399,150.014,56,56.8182,0,25
4156,-172.949,150.068,57,56.8182,0,25
4157,-171.899,149.688,55,56.8182,0,24
4158,-171.152,149.359,56,56.8182,0,25
4159,-170.107,149.213,56,56.8182,0,25
4160,-169.51,149.505,57,56.8182,0,25
4161,-168.463,149.633,56,56.8182,0,25
4162,-167.864,149.502,56,56.8182,0,25
4163,-166.371,149.152,56,56.8182,0,25
4164,-165.476,149.283,56,56.8182,0,25
4165,-164.431,149.241,57,56.8182,0,25
4166,-163.834,149.082,56,56.8182,0,25
4167,-162.942,148.495,56,56.8182,0,25
4168,-162.348,148.325,56,56.8182,0,25
4169,-161.161,148.413,56,56.8182,0,25
4170,-160.419,148.443,56,56.8182,0,25
4171,-158.936,148.294,56,56.8182,0,25
4172,-157.748,148.857,57,56.8182,0,25
4173,-157.003,148.778,56,56.8182,0,25
4174,-155.964,148.163,56,56.8182,0,25
4175,-155.075,148.03,57,56.8182,0,25
4176,-153.741,148.276,56,56.8182,0,25
4177,-153.148,148.206,56,56.8182,0,25
4178,-152.113,147.515,56,56.8182,0,25
4179,-151.376,146.971,55,56.8182,0,24
4180,-150.053,147.174,56,56.8182,0,25
4181,-148.728,146.803,56,56.8182,0,25
4182,-147.994,146.557,55,56.8182,0,24
4183,-146.675,146.715,57,56.8182,0,25
4184,-145.942,146.557,56,56.8182,0,25
4185,-144.917,146.116,57,56.8182,0,25
4186,-144.187,145.833,56,56.8182,0,25
4187,-143.167,145.671,57,56.8182,0,25
4188,-142.585,145.744,56,56.8182,0,25
4189,-141.419,145.51,55,56.8182,0,24
4190,-140.258,145.063,56,56.8182,0,25
4191,-139.533,145.136,55,56.8182,0,24
4192,-138.515,145.687,56,56.8182,0,25
4193,-137.786,145.896,55,56.8182,0,24
4194,-136.617,146.119,56,56.8182,0,25
4195,-136.032,146.508,55,56.8182,0,24
4196,-134.858,147.038,56,56.8182,0,25
4197,-134.27,146.825,57,56.8182,0,25
4198,-133.101,145.054,57,56.8182,0,25
4199,-132.377,143.986,56,56.8182,0,25
4200,-131.372,142.72,57,56.8182,0,25
4201,-130.517,141.968,57,56.8182,0,25
4202,-129.385,140.827,56,56.8182,0,25
4203,-128.822,140.553,56,56.8182,0,25
4204,-127.698,140.237,55,56.8182,0,24
4205,-127.138,139.625,56,56.8182,0,25
4206,-126.303,138.168,57,56.8182,0,25
4207,-125.614,137.282,56,56.8182,0,25
4208,-124.656,136.509,56,56.8182,0,25
4209,-124.246,136.485,56,56.8182,0,25
4210,-123.155,136.001,56,56.8182,0,25
4211,-122.612,135.216,55,56.8182,0,24
4212,-121.671,133.068,56,56.8182,0,25
4213,-121.006,132.106,56,56.8182,0,25
4214,-119.954,130.868,55,56.8182,0,24
4215,-119.562,130.284,56,56.8182,0,25
4216,-118.266,128.424,56,56.8182,0,25
4217,-117.626,127.636,56,56.8182,0,25
4218,-116.357,126.051,56,56.8182,0,25
4219,-115.854,125.473,56,56.8182,0,25
4220,-114.98,123.757,55,56.8182,0,24
4221,-114.487,122.491,56,56.8182,0,25
4222,-113.39,120.705,56,56.8182,0,25
4223,-112.546,119.993,57,56.8182,0,25
4224,-111.591,118.456,55,56.8182,0,24
4225,-111.118,117.765,56,56.8182,0,25
4226,-110.071,114.957,57,56.8182,0,25
4227,-109.612,114.661,56,56.8182,0,25
4228,-108.925,114.123,56,56.8182,0,25
4229,-108.243,113.316,57,56.8182,0,25
4230,-107.454,112.048,56,56.8182,0,25
4231,-106.784,110.885,56,56.8182,0,25
4232,-105.902,109.303,56,56.8182,0,25
4233,-105.466,108.862,56,56.8182,0,25
4234,-104.491,107.651,56,56.8182,0,25
4235,-104.061,107.276,57,56.8182,0,25
4236,-103.423,105.445,56,56.8182,0,25
4237,-102.898,104.221,56,56.8182,0,25
4238,-102.07,102.651,55,56.8182,0,24
4239,-101.763,102.104,56,56.8182,0,25
4240,-100.849,100.926,56,56.8182,0,25
4241,-100.446,100.296,55,56.8182,0,24
4242,-99.5499,98.5008,55,56.8182,0,24
4243,-98.8629,97.6183,56,56.8182,0,25
4244,-97.8922,96.5655,55,56.8182,0,24
4245,-97.6027,96.3647,56,56.8182,0,25
4246,-96.9307,95.4549,56,56.8182,0,25
4247,-96.4539,95.1293,56,56.8182,0,25
4248,-95.7924,93.7448,56,56.8182,0,25
4249,-95.5114,93.1818,56,56.8182,0,25
4250,-94.5856,91.9616,55,56.8182,0,24
4251,-94.1258,92.0681,56,56.8182,0,25
4252,-93.2999,91.4839,57,56.8182,0,25
4253,-93.0255,91.1827,57,56.8182,0,25
4254,-92.389,90.4859,56,56.8182,0,25
4255,-91.9381,89.8134,55,56.8182,0,24
4256,-91.3134,88.7727,57,56.8182,0,25
4257,-90.9599,88.0303,57,56.8182,0,25
4258,-90.0851,86.8101,56,56.8182,0,25
4259,-89.825,86.5575,56,56.8182,0,25
4260,-89.0504,85.5503,56,56.8182,0,25
4261,-88.7089,85.0056,57,56.8182,0,25
4262,-88.1173,84.0684,56,56.8182,0,25
4263,-87.6989,83.4051,55,56.8182,0,24
4264,-87.0364,82.331,56,56.8182,0,25
4265,-86.7895,82.1484,55,56.8182,0,24
4266,-85.9704,81.5398,55,56.8182,0,24
4267,-85.4816,81.2751,56,56.8182,0,25
4268,-84.7538,80.3805,56,56.8182,0,25
4269,-84.3531,80.0305,55,56.8182,0,24
4270,-83.7945,79.5833,56,56.8182,0,25
4271,-83.3967,79.4707,56,56.8182,0,25
4272,-82.7602,79.848,57,56.8182,0,25
4273,-82.4413,79.7384,56,56.8182,0,25
4274,-81.8016,80.1614,55,56.8182,0,24
4275,-81.4807,80.3409,57,56.8182,0,25
4276,-80.7562,80.4657,56,56.8182,0,25
4277,-80.5146,80.6817,56,56.8182,0,25
4278,-79.9497,80.7487,56,56.8182,0,25
4279,-79.4635,81.479,56,56.8182,0,25
4280,-78.8913,82.337,57,56.8182,0,25
4281,-78.4786,82.8513,57,56.8182,0,25
4282,-77.8131,83.4234,56,56.8182,0,25
4283,-77.3947,83.6942,56,56.8182,0,25
4284,-76.5566,84.0228,55,56.8182,0,24
4285,-76.3048,84.0928,57,56.8182,0,25
4286,-75.7155,84.3058,56,56.8182,0,25
4287,-75.2922,84.9813,56,56.8182,0,25
4288,-74.6941,85.7542,56,56.8182,0,25
4289,-74.3496,86.3445,56,56.8182,0,25
4290,-73.6534,87.4947,56,56.8182,0,25
4291,-73.2143,88.2554,56,56.8182,0,25
4292,-72.4178,89.1379,56,56.8182,0,25
4293,-71.8827,89.8012,56,56.8182,0,25
4294,-70.8881,91.5752,57,56.8182,0,25
4295,-70.521,92.129,56,56.8182,0,25
4296,-69.874,92.8319,55,56.8182,0,24
4297,-69.4099,92.9445,56,56.8182,0,25
4298,-68.7569,93.8634,56,56.8182,0,25
4299,-68.2864,94.6668,57,56.8182,0,25
4300,-67.5245,96.1608,57,56.8182,0,25
4301,-67.0415,97.3323,57,56.8182,0,25
4302,-66.1588,99.082,56,56.8182,0,25
4303,-65.6627,99.5232,56,56.8182,0,25
4304,-64.9644,100.357,57,56.8182,0,25
4305,-64.4624,100.801,56,56.8182,0,25
4306,-63.5494,102.456,56,56.8182,0,25
4307,-63.0348,103.546,55,56.8182,0,24
4308,-62.2018,104.736,55,56.8182,0,24
4309,-61.7822,104.961,56,56.8182,0,25
4310,-60.8341,105.633,57,56.8182,0,25
4311,-60.3043,106.497,56,56.8182,0,25
4312,-59.3417,107.459,56,56.8182,0,25
4313,-58.9107,107.894,57,56.8182,0,25
4314,-58.1524,108.789,57,56.8182,0,25
4315,-57.1726,109.4,56,56.8182,0,25
4316,-56.626,109.586,56,56.8182,0,25
4317,-55.633,110.989,56,56.8182,0,25
4318,-55.2992,111.412,55,56.8182,0,24
4319,-54.5178,111.78,56,56.8182,0,25
4320,-53.9594,111.536,56,56.8182,0,25
4321,-53.1769,112.105,56,56.8182,0,25
4322,-52.7281,112.312,55,56.8182,0,24
4323,-51.711,113.517,57,56.8182,0,25
4324,-51.3701,113.828,57,56.8182,0,25
4325,-50.5729,113.913,56,56.8182,0,25
4326,-50.1173,113.703,57,56.8182,0,25
4327,-49.0936,113.806,56,56.8182,0,25
4328,-48.7517,113.919,56,56.8182,0,25
4329,-47.8349,115.13,56,56.8182,0,25
4330,-47.3739,115.276,56,56.8182,0,25
4331,-46.2204,115.349,57,56.8182,0,25
4332,-45.6443,115.498,56,56.8182,0,25
4333,-44.8356,115.742,56,56.8182,0,25
4334,-44.256,116.149,55,56.8182,0,24
4335,-43.4421,116.46,55,56.8182,0,24
4336,-42.1611,116.511,56,56.8182,0,25
4337,-41.8118,116.588,56,56.8182,0,25
4338,-40.9952,116.965,55,56.8182,0,24
4339,-40.4101,117.424,56,56.8182,0,25
4340,-39.4712,117.397,56,56.8182,0,25
4341,-39.1195,117.224,55,56.8182,0,24
4342,-38.1838,116.688,56,56.8182,0,25
4343,-37.7165,116.95,57,56.8182,0,25
4344,-36.5463,117.205,55,56.8182,0,24
4345,-35.9605,116.947,57,56.8182,0,25
4346,-35.1428,116.709,57,56.8182,0,25
4347,-34.6771,116.289,56,56.8182,0,25
4348,-33.6306,116.107,56,56.8182,0,25
4349,-33.3978,116.359,56,56.8182,0,25
4350,-32.4643,116.968,55,56.8182,0,24
4351,-31.9966,116.977,56,56.8182,0,25
4352,-31.2959,116.408,56,56.8182,0,25
4353,-30.7135,116.609,55,56.8182,0,24
4354,-29.7793,117.093,55,56.8182,0,24
4355,-29.4275,117.367,56,56.8182,0,25
4356,-28.2475,118.62,55,56.8182,0,24
4357,-27.5352,118.562,56,56.8182,0,25
4358,-26.467,119.524,56,56.8182,0,25
4359,-26.108,120.084,57,56.8182,0,25
4360,-25.2644,121.703,56,56.8182,0,25
4361,-24.7762,122.938,55,56.8182,0,24
4362,-23.7883,124.231,56,56.8182,0,25
4363,-23.165,125.077,57,56.8182,0,25
4364,-22.1547,127.317,55,56.8182,0,24
4365,-21.6427,128.738,57,56.8182,0,25
4366,-20.2147,131.041,56,56.8182,0,25
4367,-19.8213,131.111,57,56.8182,0,25
4368,-19.0304,132.76,57,56.8182,0,25
4369,-18.3663,133.329,56,56.8182,0,25
4370,-17.4272,135.173,56,56.8182,0,25
4371,-16.7503,135.931,57,56.8182,0,25
4372,-15.5238,136.902,57,56.8182,0,25
4373,-15.1125,137.526,56,56.8182,0,25
4374,-13.5925,139.15,55,56.8182,0,24
4375,-13.1748,139.54,56,56.8182,0,25
4376,-12.1969,140.17,57,56.8182,0,25
4377,-11.6364,140.237,56,56.8182,0,25
4378,-10.5114,140.836,56,56.8182,0,25
4379,-10.0892,140.556,56,56.8182,0,25
4380,-8.973,137.97,56,56.8182,0,25
4381,-8.424,136.035,57,56.8182,0,25
4382,-7.4857,130.141,57,56.8182,0,25
4383,-6.8403,125.78,56,56.8182,0,25
4384,-5.8751,112.55,56,56.8182,0,25
4385,-4.8473,89.2565,58,54.0687,0,26
4386,-4.5068,80.9617,56,52.1331,0,25
4387,-4.0247,55.9006,48,45.1005,0,21
4388,-3.8215,42.159,46,43.4263,0,20
4389,-3.5839,10.2636,41,40.5717,0,18
4390,-3.5502,-3.1311,40,40.3417,0,18
4391,-3.6361,-18.9145,40,41.1232,0,18
4392,-3.6976,-21.9695,40,41.1232,0,18
4393,-3.9149,-31.7189,40,44.841,0,18
4394,-4.1097,-33.5446,41,44.841,0,18
4395,-4.3128,-33.3164,43,49.768,0,19
4396,-4.4773,-31.6154,44,49.768,0,19
4397,-4.684,-26.3269,47,52.2707,0,21
4398,-4.7602,-23.4818,49,54.0932,0,22
4399,-4.9325,-13.1361,52,55.7082,0,23
4400,-4.9682,-9.226,52,56.5611,0,23
4401,-5.0058,0.9615,54,56.8182,0,24
4402,-4.9974,3.4293,55,56.789,0,24
4403,-4.9678,5.3037,56,56.3346,0,25
4404,-4.9412,5.7267,56,56.212,0,25
4405,-4.9001,5.9945,55,55.5475,0,24
4406,-4.865,5.6841,55,55.1568,0,24
4407,-4.816,3.9405,54,54.6826,0,24
4408,-4.8015,3.0855,54,54.6008,0,24
4409,-4.7802,1.0163,54,54.3205,0,24
4410,-4.7777,0.4321,54,54.3205,0,24
4411,-4.7776,-0.1035,54,54.3205,0,24
4412,-4.7775,0.1582,54,54.3205,0,24
4413,-4.7771,0.003,54,54.3205,0,24
4414,-4.7763,0.1461,54,54.3205,0,24
4415,-4.7755,0.2282,54,54.3205,0,24
4416,-4.7719,0.6299,54,54.3205,0,24
4417,-4.7673,1.0011,54,54.3205,0,24
4418,-4.7534,1.9109,54,53.9947,0,24
4419,-4.7431,2.2913,53,53.8988,0,23
4420,-4.7263,2.3917,53,53.6803,0,23
4421,-4.717,2.2304,53,53.5259,0,23
4422,-4.6987,1.6979,53,53.4146,0,23
4423,-4.6937,1.561,53,53.3562,0,23
4424,-4.6821,1.1867,53,53.2058,0,23
4425,-4.6778,0.9068,53,53.1675,0,23
4426,-4.6724,0.2191,53,53.1675,0,23
4427,-4.6722,0.0913,53,53.1675,0,23
4428,-4.6719,0.0152,53,53.1675,0,23
4429,-4.6719,0.0183,53,53.1675,0,23
4430,-4.6718,0.0213,53,53.1675,0,23
4431,-4.6718,0.0183,53,53.1675,0,23
4432,-4.6716,0.0091,53,53.1675,0,23
4433,-4.6716,0.0122,53,53.1675,0,23
4434,-4.6715,0.0152,53,53.1675,0,23
4435,-4.6715,0.0061,53,53.1675,0,23
4436,-4.6715,0.0061,53,53.1675,0,23
4437,-4.6714,0.0152,53,53.1675,0,23
4438,-4.6713,0.0091,53,53.1675,0,23
4439,-4.6713,0.0091,53,53.1675,0,23
4440,-4.6713,-0.003,53,53.1675,0,23
4441,-4.6712,0.0061,53,53.1675,0,23
4442,-4.6712,0.0183,53,53.1675,0,23
4443,-4.6711,0.0152,53,53.1675,0,23
4444,-4.6711,0.0243,53,53.1675,0,23
4445,-4.6711,0.0061,53,53.1675,0,23
4446,-4.671,0.0152,53,53.1675,0,23
4447,-4.671,0.0243,53,53.1675,0,23
4448,-4.6709,0,53,53.1675,0,23
4449,-4.6709,0.0274,53,53.1675,0,23
4450,-4.6709,0.0061,53,53.1675,0,23
4451,-4.6708,0.0091,53,53.1675,0,23
4452,-4.6708,-0.0061,53,53.1675,0,23
4453,-4.6708,0.0152,53,53.1675,0,23
4454,-4.6708,-0.003,53,53.1675,0,23
4455,-4.6707,-0.003,53,53.1675,0,23
4456,-4.6707,0.0061,53,53.1675,0,23
4457,-4.6707,0.0061,53,53.1675,0,23
4458,-4.6706,0.003,53,53.1675,0,23
4459,-4.6707,-0.0122,53,53.1675,0,23
4460,-4.6706,0.0122,53,53.1675,0,23
4461,-4.6706,0.0091,53,53.1675,0,23
4462,-4.6705,0.003,53,53.1675,0,23
4463,-4.6705,0,53,53.1675,0,23
4464,-4.6704,0.003,53,53.1675,0,23
4465,-4.6705,-0.0091,53,53.1675,0,23
4466,-4.6704,0.003,53,53.1675,0,23
4467,-4.6704,-0.003,53,53.1675,0,23
4468,-4.6703,0,53,53.1675,0,23
4469,-4.6703,0.0183,53,53.1675,0,23
4470,-4.6703,0.0091,53,53.1675,0,23
4471,-4.6702,0.0152,53,53.1675,0,23
4472,-4.6701,0.0122,53,53.1675,0,23
4473,-4.6701,0.0091,53,53.1675,0,23
4474,-4.67,0.0091,53,53.1675,0,23
4475,-4.67,0,53,53.1675,0,23
4476,-4.6699,-0.0091,53,53.1675,0,23
4477,-4.6698,-0.0061,53,53.1675,0,23
4478,-4.6697,0.003,53,53.1675,0,23
4479,-4.6696,0.0213,53,53.1675,0,23
4480,-4.6696,0.0243,53,53.1675,0,23
4481,-4.6694,0.0061,53,53.1675,0,23
4482,-4.6694,0.0122,53,53.1675,0,23
4483,-4.6693,0.0091,53,53.1675,0,23
4484,-4.6692,0.0243,53,53.1675,0,23
4485,-4.669,0.0183,53,53.1675,0,23
4486,-4.6689,0.0152,53,53.1675,0,23
4487,-4.6687,0.0335,53,53.1675,0,23
4488,-4.6686,0.0152,53,53.1675,0,23
4489,-4.6684,0.0304,53,53.1675,0,23
4490,-4.6683,0.0426,53,53.1675,0,23
4491,-4.6681,0.0335,53,53.1675,0,23
4492,-4.668,0.0122,53,53.1675,0,23
4493,-4.6678,0.0243,53,53.1675,0,23
4494,-4.6677,0.0335,53,53.1675,0,23
4495,-4.6674,0.0456,53,53.1675,0,23
4496,-4.6672,0.0122,53,53.1675,0,23
4497,-4.667,0.0304,53,53.1675,0,23
4498,-4.6669,0.0243,53,53.1675,0,23
4499,-4.6667,0.0304,53,53.1675,0,23
4500,-4.6665,0.0304,53,53.1675,0,23
4501,-4.6663,0.0335,53,53.1675,0,23
4502,-4.6662,0.0243,53,53.1675,0,23
4503,-4.666,0.0396,53,53.1675,0,23
4504,-4.6658,0.0243,53,53.1675,0,23
4505,-4.6656,0.0213,53,53.1675,0,23
4506,-4.6655,0.0243,53,53.1675,0,23
4507,-4.6653,0.0396,53,53.1675,0,23
4508,-4.6651,0.0365,53,53.1675,0,23
4509,-4.6649,0.0274,53,53.1675,0,23
4510,-4.6648,0.0274,53,53.1675,0,23
4511,-4.6646,0.0274,53,53.1675,0,23
4512,-4.6645,0.0396,53,53.1675,0,23
4513,-4.6642,0.0304,53,53.1675,0,23
4514,-4.6641,0.0122,53,53.1675,0,23
4515,-4.6639,0.0152,53,53.1675,0,23
4516,-4.6637,0.0243,53,53.1675,0,23
4517,-4.6635,0.0091,53,53.1675,0,23
4518,-4.6635,0.0122,53,53.1675,0,23
4519,-4.6633,0.0213,53,53.1675,0,23
4520,-4.6633,0.0304,53,53.1675,0,23
4521,-4.6631,0.0122,53,53.1675,0,23
4522,-4.663,0.0061,53,53.1675,0,23
4523,-4.6629,0.0122,53,53.1675,0,23
4524,-4.6629,0.0122,53,53.1675,0,23
4525,-4.6628,0.0061,53,53.1675,0,23
4526,-4.6627,0.0122,53,53.1675,0,23
4527,-4.6627,0.0152,53,53.1675,0,23
4528,-4.6626,0.0091,53,53.1675,0,23
4529,-4.6626,0.003,53,53.1675,0,23
4530,-4.6626,-0.003,53,53.1675,0,23
4531,-4.6625,0.0183,53,53.1675,0,23
4532,-4.6625,0.0061,53,53.1675,0,23
4533,-4.6624,-0.003,53,53.1675,0,23
4534,-4.6624,0.0152,53,53.1675,0,23
4535,-4.6624,0.0122,53,53.1675,0,23
4536,-4.6624,0.0061,53,53.1675,0,23
4537,-4.6624,-0.0152,53,53.1675,0,23
4538,-4.6623,0.003,53,53.1675,0,23
4539,-4.6623,0,53,53.1675,0,23
4540,-4.6623,0,53,53.1675,0,23
4541,-4.6623,0.0091,53,53.1675,0,23
4542,-4.6623,-0.0091,53,53.1675,0,23
4543,-4.6623,0,53,53.1675,0,23
4544,-4.6623,0.003,53,53.1675,0,23
4545,-4.6623,-0.0061,53,53.1675,0,23
4546,-4.6623,0.0122,53,53.1675,0,23
4547,-4.6623,-0.0091,53,53.1675,0,23
4548,-4.6623,0.0061,53,53.1675,0,23
4549,-4.6623,-0.0122,53,53.1675,0,23
4550,-4.6623,0.0061,53,53.1675,0,23
4551,-4.6623,-0.003,53,53.1675,0,23
4552,-4.6623,0,53,53.1675,0,23
4553,-4.6623,0,53,53.1675,0,23
4554,-4.6623,0.0152,53,53.1675,0,23
4555,-4.6623,0.003,53,53.1675,0,23
4556,-4.6623,-0.0091,53,53.1675,0,23
4557,-4.6623,0.0061,53,53.1675,0,23
4558,-4.6623,0.0122,53,53.1675,0,23
4559,-4.6623,0,53,53.1675,0,23
4560,-4.6623,0.0213,53,53.1675,0,23
4561,-4.6623,-0.0152,53,53.1675,0,23
4562,-4.6623,0.0091,53,53.1675,0,23
4563,-4.6623,0.0091,53,53.1675,0,23
4564,-4.6623,-0.003,53,53.1675,0,23
4565,-4.6623,0,53,53.1675,0,23
4566,-4.6623,-0.0061,53,53.1675,0,23
4567,-4.6623,-0.003,53,53.1675,0,23
4568,-4.6623,-0.0061,53,53.1675,0,23
4569,-4.6623,0.003,53,53.1675,0,23
4570,-4.6623,-0.0061,53,53.1675,0,23
4571,-4.6623,0.0122,53,53.1675,0,23
4572,-4.6623,-0.0091,53,53.1675,0,23
4573,-4.6623,0,53,53.1675,0,23
4574,-4.6623,0,53,53.1675,0,23
4575,-4.6623,0.003,53,53.1675,0,23
4576,-4.6623,0,53,53.1675,0,23
4577,-4.6623,0,53,53.1675,0,23
4578,-4.6623,0.003,53,53.1675,0,23
4579,-4.6623,-0.003,53,53.1675,0,23
4580,-4.6623,-0.003,53,53.1675,0,23
4581,-4.6623,-0.0091,53,53.1675,0,23
4582,-4.6623,0.0091,53,53.1675,0,23
4583,-4.6623,0,53,53.1675,0,23
4584,-4.6623,-0.003,53,53.1675,0,23
4585,-4.6622,-0.0061,53,53.1675,0,23
4586,-4.6623,0,53,53.1675,0,23
4587,-4.6623,0.003,53,53.1675,0,23
4588,-4.6622,0.0061,53,53.1675,0,23
4589,-4.6622,0,53,53.1675,0,23
4590,-4.6622,-0.0091,53,53.1675,0,23
4591,-4.6622,0,53,53.1675,0,23
4592,-4.6622,0,53,53.1675,0,23
4593,-4.6622,-0.0091,53,53.1675,0,23
4594,-4.6622,0,53,53.1675,0,23
4595,-4.6622,0.0061,53,53.1675,0,23
4596,-4.6623,-0.0152,53,53.1675,0,23
4597,-4.6622,-0.003,53,53.1675,0,23
4598,-4.6622,0.003,53,53.1675,0,23
4599,-4.6622,0.003,53,53.1675,0,23
4600,-4.6622,0,53,53.1675,0,23
4601,-4.6622,-0.003,53,53.1675,0,23
4602,-4.6622,-0.0091,53,53.1675,0,23
4603,-4.6622,-0.0061,53,53.1675,0,23
4604,-4.6622,0.003,53,53.1675,0,23
4605,-4.6622,0.0061,53,53.1675,0,23
4606,-4.6622,-0.003,53,53.1675,0,23
4607,-4.6622,-0.0091,53,53.1675,0,23
4608,-4.6622,-0.003,53,53.1675,0,23
4609,-4.6622,-0.0122,53,53.1675,0,23
4610,-4.6622,0.0061,53,53.1675,0,23
4611,-4.6622,-0.003,53,53.1675,0,23
4612,-4.6622,0.0091,53,53.1675,0,23
4613,-4.6622,0,53,53.1675,0,23
4614,-4.6622,-0.0061,53,53.1675,0,23
4615,-4.6622,-0.003,53,53.1675,0,23
4616,-4.6622,-0.003,53,53.1675,0,23
4617,-4.6622,0.0122,53,53.1675,0,23
4618,-4.6622,0.003,53,53.1675,0,23
4619,-4.6622,-0.003,53,53.1675,0,23
4620,-4.6622,-0.003,53,53.1675,0,23
4621,-4.6622,-0.0061,53,53.1675,0,23
4622,-4.6622,-0.0152,53,53.1675,0,23
4623,-4.6622,-0.0091,53,53.1675,0,23
4624,-4.6622,0.003,53,53.1675,0,23
4625,-4.6622,0,53,53.1675,0,23
4626,-4.6622,0.003,53,53.1675,0,23
4627,-4.6622,-0.0061,53,53.1675,0,23
4628,-4.6622,0,53,53.1675,0,23
4629,-4.6622,0,53,53.1675,0,23
4630,-4.6622,0,53,53.1675,0,23
4631,-4.6622,-0.003,53,53.1675,0,23
4632,-4.6622,0.0091,53,53.1675,0,23
4633,-4.6622,0.003,53,53.1675,0,23
4634,-4.6622,-0.003,53,53.1675,0,23
4635,-4.6622,-0.003,53,53.1675,0,23
4636,-4.6622,0,53,53.1675,0,23
4637,-4.6622,-0.0061,53,53.1675,0,23
4638,-4.6622,0.0061,53,53.1675,0,23
4639,-4.6622,0,53,53.1675,0,23
4640,-4.6622,0.003,53,53.1675,0,23
4641,-4.6622,-0.003,53,53.1675,0,23
4642,-4.6622,0.003,53,53.1675,0,23
4643,-4.6622,0,53,53.1675,0,23
4644,-4.6622,0.0091,53,53.1675,0,23
4645,-4.6622,-0.0091,53,53.1675,0,23
4646,-4.6622,0.003,53,53.1675,0,23
4647,-4.6622,-0.0061,53,53.1675,0,23
4648,-4.6622,-0.0061,53,53.1675,0,23
4649,-4.6622,-0.0091,53,53.1675,0,23
4650,-4.6622,-0.0122,53,53.1675,0,23
4651,-4.6622,0,53,53.1675,0,23
4652,-4.6622,-0.0152,53,53.1675,0,23
4653,-4.6622,0.0061,53,53.1675,0,23
4654,-4.6622,0.0061,53,53.1675,0,23
4655,-4.6622,0,53,53.1675,0,23
4656,-4.6622,-0.0122,53,53.1675,0,23
4657,-4.6622,-0.0091,53,53.1675,0,23
4658,-4.6622,-0.0152,53,53.1675,0,23
4659,-4.6622,0.0152,53,53.1675,0,23
4660,-4.6622,0.0152,53,53.1675,0,23
4661,-4.6622,-0.0122,53,53.1675,0,23
4662,-4.6622,-0.0091,53,53.1675,0,23
4663,-4.6622,0.0152,53,53.1675,0,23
4664,-4.6622,0.0061,53,53.1675,0,23
4665,-4.6622,-0.003,53,53.1675,0,23
4666,-4.6622,-0.0061,53,53.1675,0,23
4667,-4.6622,0.003,53,53.1675,0,23
4668,-4.6622,0.003,53,53.1675,0,23
4669,-4.6622,-0.003,53,53.1675,0,23
4670,-4.6622,-0.0091,53,53.1675,0,23
4671,-4.6622,0.0213,53,53.1675,0,23
4672,-4.6622,0.0122,53,53.1675,0,23
4673,-4.6622,-0.0061,53,53.1675,0,23
4674,-4.6622,-0.0061,53,53.1675,0,23
4675,-4.6622,0.0152,53,53.1675,0,23
4676,-4.6622,0.0152,53,53.1675,0,23
4677,-4.6622,-0.003,53,53.1675,0,23
4678,-4.6622,-0.003,53,53.1675,0,23
4679,-4.6622,0,53,53.1675,0,23
4680,-4.6622,0.0061,53,53.1675,0,23
4681,-4.6622,0.003,53,53.1675,0,23
4682,-4.6622,0,53,53.1675,0,23
4683,-4.6622,-0.0061,53,53.1675,0,23
4684,-4.6622,0.003,53,53.1675,0,23
4685,-4.6622,0.0091,53,53.1675,0,23
4686,-4.6622,0,53,53.1675,0,23
4687,-4.6622,-0.0061,53,53.1675,0,23
4688,-4.6622,0,53,53.1675,0,23
4689,-4.6622,-0.003,53,53.1675,0,23
4690,-4.6622,-0.0091,53,53.1675,0,23
4691,-4.6622,0,53,53.1675,0,23
4692,-4.6622,0.0061,53,53.1675,0,23
4693,-4.6622,-0.0061,53,53.1675,0,23
4694,-4.6622,-0.0213,53,53.1675,0,23
4695,-4.6622,-0.0091,53,53.1675,0,23
4696,-4.6622,0.0152,53,53.1675,0,23
4697,-4.6622,-0.003,53,53.1675,0,23
4698,-4.6622,0,53,53.1675,0,23
4699,-4.6622,0,53,53.1675,0,23
4700,-4.6622,0.0061,53,53.1675,0,23
4701,-4.6622,0,53,53.1675,0,23
4702,-4.6622,0.0091,53,53.1675,0,23
4703,-4.6622,0.003,53,53.1675,0,23
4704,-4.6622,0.0061,53,53.1675,0,23
4705,-4.6622,0.0061,53,53.1675,0,23
4706,-4.6622,0.0061,53,53.1675,0,23
4707,-4.6622,-0.003,53,53.1675,0,23
4708,-4.6622,0.0091,53,53.1675,0,23
4709,-4.6622,-0.0122,53,53.1675,0,23
4710,-4.6622,0.0091,53,53.1675,0,23
4711,-4.6622,0,53,53.1675,0,23
4712,-4.6622,0,53,53.1675,0,23
4713,-4.6622,0.0061,53,53.1675,0,23
4714,-4.6622,-0.003,53,53.1675,0,23
4715,-4.6622,0.0091,53,53.1675,0,23
4716,-4.6622,-0.003,53,53.1675,0,23
4717,-4.6622,0,53,53.1675,0,23
4718,-4.6622,-0.0061,53,53.1675,0,23
4719,-4.6622,0.0335,53,53.1675,0,23
4720,-4.662,-0.0274,53,53.1675,0,23
4721,-4.6623,0.0791,53,53.1675,0,23
4722,-4.662,0.0578,53,53.1675,0,23
4723,-4.6621,0.0091,53,53.1675,0,23
4724,-4.6621,0.0183,53,53.1675,0,23
4725,-4.6621,0,53,53.1675,0,23
4726,-4.6621,0.0122,53,53.1675,0,23
4727,-4.662,0.0061,53,53.1675,0,23
4728,-4.662,0.0122,53,53.1675,0,23
4729,-4.662,0.0152,53,53.1675,0,23
4730,-4.6619,-0.0243,53,53.1675,0,23
4731,-4.6619,0,53,53.1675,0,23
4732,-4.6619,-0.0061,53,53.1675,0,23
4733,-4.6619,0.0122,53,53.1675,0,23
4734,-4.6618,0.0061,53,53.1675,0,23
4735,-4.6617,0.0152,53,53.1675,0,23
4736,-4.6617,-0.003,53,53.1675,0,23
4737,-4.6616,0.0243,53,53.1675,0,23
4738,-4.6613,0.0274,53,53.1675,0,23
4739,-4.6612,0.0243,53,53.1675,0,23
4740,-4.661,0.0396,53,53.1675,0,23
4741,-4.6609,0.0426,53,53.1675,0,23
4742,-4.6605,0.0548,53,53.1675,0,23
4743,-4.6602,0.0639,53,53.1675,0,23
4744,-4.6596,0.0822,53,53.1675,0,23
4745,-4.6593,0.0913,53,53.1675,0,23
4746,-4.6583,0.1248,53,53.1675,0,23
4747,-4.6579,0.1369,53,53.1675,0,23
4748,-4.6567,0.2069,53,53.1675,0,23
4749,-4.6559,0.2282,53,53.1675,0,23
4750,-4.6536,0.3378,53,53.1675,0,23
4751,-4.6517,0.3986,53,53.1675,0,23
4752,-4.6484,0.423,53,53.1675,0,23
4753,-4.6458,0.4686,53,53.1675,0,23
4754,-4.6413,0.5508,53,53.1675,0,23
4755,-4.639,0.5873,53,53.1675,0,23
4756,-4.6329,0.6238,53,53.1675,0,23
4757,-4.631,0.642,53,53.1675,0,23
4758,-4.6265,0.5934,53,53.1675,0,23
4759,-4.6236,0.5568,53,53.1675,0,23
4760,-4.6191,0.5264,53,53.1675,0,23
4761,-4.617,0.5082,53,53.1675,0,23
4762,-4.6133,0.3834,53,53.1675,0,23
4763,-4.6122,0.3408,53,53.1675,0,23
4764,-4.6094,0.216,53,53.1675,0,23
4765,-4.6082,0.1887,53,53.1675,0,23
4766,-4.6065,0.1126,53,53.1675,0,23
4767,-4.6058,0.0943,53,53.1675,0,23
4768,-4.6048,0.0882,53,53.1675,0,23
4769,-4.6044,0.07,53,53.1675,0,23
4770,-4.6038,0.073,53,53.1675,0,23
4771,-4.6035,0.07,53,53.1675,0,23
4772,-4.603,0.0669,53,53.1675,0,23
4773,-4.6022,0.0761,53,53.1675,0,23
4774,-4.602,0.073,53,53.1675,0,23
4775,-4.6013,0.0517,53,53.1675,0,23
4776,-4.6011,0.0578,53,53.1675,0,23
4777,-4.6007,0.0578,53,53.1675,0,23
4778,-4.6004,0.0669,53,53.1675,0,23
4779,-4.5999,0.0548,53,53.1675,0,23
4780,-4.5998,0.0517,53,53.1675,0,23
4781,-4.5993,0.0487,53,53.1675,0,23
4782,-4.5991,0.0517,53,53.1675,0,23
4783,-4.5987,0.0487,53,53.1675,0,23
4784,-4.5985,0.0426,53,53.1675,0,23
4785,-4.5982,0.0396,53,53.1675,0,23
4786,-4.5979,0.0578,53,53.1675,0,23
4787,-4.5975,0.0609,53,53.1675,0,23
4788,-4.5974,0.0456,53,53.1675,0,23
4789,-4.5969,0.0487,53,53.1675,0,23
4790,-4.5967,0.0517,53,53.1675,0,23
4791,-4.5963,0.0456,53,53.1675,0,23
4792,-4.5961,0.0426,53,53.1675,0,23
4793,-4.5958,0.0609,53,53.1675,0,23
4794,-4.5955,0.0396,53,53.1675,0,23
4795,-4.5952,0.0487,53,53.1675,0,23
4796,-4.5949,0.0456,53,53.1675,0,23
4797,-4.5945,0.0456,53,53.1675,0,23
4798,-4.5944,0.0304,53,53.1675,0,23
4799,-4.594,0.0517,53,53.1675,0,23
4800,-4.5938,0.0335,53,53.1675,0,23
4801,-4.5934,0.0396,53,53.1675,0,23
4802,-4.5932,0.0487,53,53.1675,0,23
4803,-4.5927,0.0365,53,53.1675,0,23
4804,-4.5926,0.0335,53,53.1675,0,23
4805,-4.5924,0.0335,53,53.1675,0,23
4806,-4.5922,0.0365,53,53.1675,0,23
4807,-4.592,0.0304,53,53.1675,0,23
4808,-4.5919,0.0365,53,53.1675,0,23
4809,-4.5916,0.0213,53,53.1675,0,23
4810,-4.5915,0.0243,53,53.1675,0,23
4811,-4.5912,0.0183,53,53.1675,0,23
4812,-4.5911,0.0274,53,53.1675,0,23
4813,-4.5909,0.0304,53,53.1675,0,23
4814,-4.5908,0.0122,53,53.1675,0,23
4815,-4.5906,0.0213,53,53.1675,0,23
4816,-4.5906,0.0243,53,53.1675,0,23
4817,-4.5904,0.0243,53,53.1675,0,23
4818,-4.5903,0.0152,53,53.1675,0,23
4819,-4.5902,0.0213,53,53.1675,0,23
4820,-4.5901,0.0061,53,53.1675,0,23
4821,-4.59,0.0243,53,53.1675,0,23
4822,-4.5899,0.003,53,53.1675,0,23
4823,-4.5899,0.0061,53,53.1675,0,23
4824,-4.5898,0.0152,53,53.1675,0,23
4825,-4.5897,0.0152,53,53.1675,0,23
4826,-4.5897,0.0061,53,53.1675,0,23
4827,-4.5896,0.0091,53,53.1675,0,23
4828,-4.5896,0.0061,53,53.1675,0,23
4829,-4.5895,0.0122,53,53.1675,0,23
4830,-4.5894,0.0152,53,53.1675,0,23
4831,-4.5894,0.0091,53,53.1675,0,23
4832,-4.5893,0.0091,53,53.1675,0,23
4833,-4.5893,0.003,53,53.1675,0,23
4834,-4.5892,0.0183,53,53.1675,0,23
4835,-4.5892,0.0152,53,53.1675,0,23
4836,-4.5891,0.0152,53,53.1675,0,23
4837,-4.5891,0.0183,53,53.1675,0,23
4838,-4.589,0.0061,53,53.1675,0,23
4839,-4.589,0.0152,53,53.1675,0,23
4840,-4.5889,0.0152,53,53.1675,0,23
4841,-4.5889,0.0122,53,53.1675,0,23
4842,-4.5889,0.0122,53,53.1675,0,23
4843,-4.5887,0.0122,53,53.1675,0,23
4844,-4.5887,0.0213,53,53.1675,0,23
4845,-4.5886,0.0122,53,53.1675,0,23
4846,-4.5885,0.0243,53,53.1675,0,23
4847,-4.5885,0.0061,53,53.1675,0,23
4848,-4.5883,0.0243,53,53.1675,0,23
4849,-4.5882,0.0183,53,53.1675,0,23
4850,-4.5881,0.0152,53,53.1675,0,23
4851,-4.5881,0.0183,53,53.1675,0,23
4852,-4.5879,0.0152,53,53.1675,0,23
4853,-4.5879,0.0213,53,53.1675,0,23
4854,-4.5877,0.0061,53,53.1675,0,23
4855,-4.5877,0.0183,53,53.1675,0,23
4856,-4.5876,0.0152,53,53.1675,0,23
4857,-4.5875,0.0152,53,53.1675,0,23
4858,-4.5874,0.0152,53,53.1675,0,23
4859,-4.5873,0.0122,53,53.1675,0,23
4860,-4.5872,0.0183,53,53.1675,0,23
4861,-4.5871,0.0243,53,53.1675,0,23
4862,-4.587,0.0274,53,53.1675,0,23
4863,-4.5869,0.0213,53,53.1675,0,23
4864,-4.5868,0,53,53.1675,0,23
4865,-4.5868,0.0152,53,53.1675,0,23
4866,-4.5866,0.0122,53,53.1675,0,23
4867,-4.5865,0.0213,53,53.1675,0,23
4868,-4.5864,0.0091,53,53.1675,0,23
4869,-4.5864,0.0122,53,53.1675,0,23
4870,-4.5862,0.0061,53,53.1675,0,23
4871,-4.5862,0.0152,53,53.1675,0,23
4872,-4.5861,0.0274,53,53.1675,0,23
4873,-4.5861,0.0274,53,53.1675,0,23
4874,-4.5859,0.0122,53,53.1675,0,23
4875,-4.5859,0.0243,53,53.1675,0,23
4876,-4.5858,0.0213,53,53.1675,0,23
4877,-4.5857,0.0183,53,53.1675,0,23
4878,-4.5856,0.0122,53,53.1675,0,23
4879,-4.5856,0.0274,53,53.1675,0,23
4880,-4.5855,0.0122,53,53.1675,0,23
4881,-4.5854,0.0213,53,53.1675,0,23
4882,-4.5853,0.0152,53,53.1675,0,23
4883,-4.5853,0.0061,53,53.1675,0,23
4884,-4.5852,0.0122,53,53.1675,0,23
4885,-4.5851,0.0213,53,53.1675,0,23
4886,-4.585,0.0061,53,53.1675,0,23
4887,-4.585,0.0152,53,53.1675,0,23
4888,-4.5849,0.003,53,53.1675,0,23
4889,-4.5848,0.0122,53,53.1675,0,23
4890,-4.5847,0.0152,53,53.1675,0,23
4891,-4.5847,-0.0091,53,53.1675,0,23
4892,-4.5846,0,53,53.1675,0,23
4893,-4.5846,0.0213,53,53.1675,0,23
4894,-4.5844,0.0122,53,53.1675,0,23
4895,-4.5844,0.0152,53,53.1675,0,23
4896,-4.5843,0.0183,53,53.1675,0,23
4897,-4.5842,0.0091,53,53.1675,0,23
4898,-4.5841,0.0122,53,53.1675,0,23
4899,-4.5841,0.0091,53,53.1675,0,23
4900,-4.584,0.0274,53,53.1675,0,23
4901,-4.5839,0.0122,53,53.1675,0,23
4902,-4.5839,0.0152,53,53.1675,0,23
4903,-4.5839,0.0122,53,53.1675,0,23
4904,-4.5838,0.0122,53,53.1675,0,23
4905,-4.5838,0.0152,53,53.1675,0,23
4906,-4.5837,0.0122,53,53.1675,0,23
4907,-4.5837,-0.0091,53,53.1675,0,23
4908,-4.5837,0,53,53.1675,0,23
4909,-4.5837,0.003,53,53.1675,0,23
4910,-4.5837,0,53,53.1675,0,23
4911,-4.5837,0.0061,53,53.1675,0,23
4912,-4.5837,0.0061,53,53.1675,0,23
4913,-4.5837,0,53,53.1675,0,23
4914,-4.5838,-0.003,53,53.1675,0,23
4915,-4.5838,0.003,53,53.1675,0,23
4916,-4.5838,0,53,53.1675,0,23
4917,-4.5838,0.0061,53,53.1675,0,23
4918,-4.5838,-0.003,53,53.1675,0,23
4919,-4.5839,-0.0061,53,53.1675,0,23
4920,-4.5839,0.003,53,53.1675,0,23
4921,-4.5838,0.0061,53,53.1675,0,23
4922,-4.5838,0,53,53.1675,0,23
4923,-4.5839,-0.0061,53,53.1675,0,23
4924,-4.5838,0.0122,53,53.1675,0,23
4925,-4.5838,-0.0183,53,53.1675,0,23
4926,-4.5839,0.003,53,53.1675,0,23
4927,-4.5839,-0.0061,53,53.1675,0,23
4928,-4.5838,0.003,53,53.1675,0,23
4929,-4.5838,-0.0091,53,53.1675,0,23
4930,-4.5839,0.003,53,53.1675,0,23
4931,-4.5838,0.003,53,53.1675,0,23
4932,-4.5838,-0.003,53,53.1675,0,23
4933,-4.5838,0.003,53,53.1675,0,23
4934,-4.5838,-0.0091,53,53.1675,0,23
4935,-4.5838,0,53,53.1675,0,23
4936,-4.5838,0.003,53,53.1675,0,23
4937,-4.5838,0.0122,53,53.1675,0,23
4938,-4.5838,-0.0061,53,53.1675,0,23
4939,-4.5838,-0.003,53,53.1675,0,23
4940,-4.5838,-0.003,53,53.1675,0,23
4941,-4.5838,0.0061,53,53.1675,0,23
4942,-4.5838,0.003,53,53.1675,0,23
4943,-4.5838,0.0152,53,53.1675,0,23
4944,-4.5838,0,53,53.1675,0,23
4945,-4.5838,-0.0061,53,53.1675,0,23
4946,-4.5838,0.003,53,53.1675,0,23
4947,-4.5838,0.0122,53,53.1675,0,23
4948,-4.5838,-0.0091,53,53.1675,0,23
4949,-4.5838,-0.003,53,53.1675,0,23
4950,-4.5838,0.0091,53,53.1675,0,23
4951,-4.5838,-0.0122,53,53.1675,0,23
4952,-4.5838,0.0061,53,53.1675,0,23
4953,-4.5838,0.0061,53,53.1675,0,23
4954,-4.5838,-0.0122,53,53.1675,0,23
4955,-4.5838,0,53,53.1675,0,23
4956,-4.5838,0.003,53,53.1675,0,23
4957,-4.5838,0,53,53.1675,0,23
4958,-4.5838,0.003,53,53.1675,0,23
4959,-4.5838,-0.0061,53,53.1675,0,23
4960,-4.5838,-0.0091,53,53.1675,0,23
4961,-4.5838,-0.0061,53,53.1675,0,23
4962,-4.5838,0.003,53,53.1675,0,23
4963,-4.5838,0,53,53.1675,0,23
4964,-4.5838,0.0061,53,53.1675,0,23
4965,-4.5838,-0.003,53,53.1675,0,23
4966,-4.5838,0.003,53,53.1675,0,23
4967,-4.5838,0.003,53,53.1675,0,23
4968,-4.5837,-0.0091,53,53.1675,0,23
4969,-4.5838,-0.0061,53,53.1675,0,23
4970,-4.5838,0.0061,53,53.1675,0,23
4971,-4.5837,0.003,53,53.1675,0,23
4972,-4.5838,-0.003,53,53.1675,0,23
4973,-4.5838,-0.003,53,53.1675,0,23
4974,-4.5837,-0.003,53,53.1675,0,23
4975,-4.5837,0.0061,53,53.1675,0,23
4976,-4.5838,0,53,53.1675,0,23
4977,-4.5837,0,53,53.1675,0,23
4978,-4.5838,0.003,53,53.1675,0,23
4979,-4.5837,-0.003,53,53.1675,0,23
4980,-4.5837,-0.003,53,53.1675,0,23
4981,-4.5838,0.0061,53,53.1675,0,23
4982,-4.5837,-0.0061,53,53.1675,0,23
4983,-4.5837,0.003,53,53.1675,0,23
4984,-4.5837,0.003,53,53.1675,0,23
4985,-4.5837,-0.003,53,53.1675,0,23
4986,-4.5837,-0.003,53,53.1675,0,23
4987,-4.5837,0.0091,53,53.1675,0,23
4988,-4.5837,-0.0061,53,53.1675,0,23
4989,-4.5837,-0.0061,53,53.1675,0,23
4990,-4.5837,0.003,53,53.1675,0,23
4991,-4.5837,0.003,53,53.1675,0,23
4992,-4.5837,0.003,53,53.1675,0,23
4993,-4.5837,0.003,53,53.1675,0,23
4994,-4.5837,-0.003,53,53.1675,0,23
4995,-4.5837,0,53,53.1675,0,23
4996,-4.5837,0.003,53,53.1675,0,23
4997,-4.5837,0.0091,53,53.1675,0,23
4998,-4.5837,-0.0061,53,53.1675,0,23
4999,-4.5837,0,53,53.1675,0,23
5000,-4.5837,0.003,53,53.1675,0,23
5001,-4.5837,0.0152,53,53.1675,0,23
5002,-4.5837,-0.0152,53,53.1675,0,23
5003,-4.5837,0.003,53,53.1675,0,23
5004,-4.5837,0,53,53.1675,0,23
5005,-4.5837,0,53,53.1675,0,23
5006,-4.5837,0.0091,53,53.1675,0,23
5007,-4.5837,-0.003,53,53.1675,0,23
5008,-4.5837,0.003,53,53.1675,0,23
5009,-4.5837,0.003,53,53.1675,0,23
5010,-4.5837,0,53,53.1675,0,23
5011,-4.5837,-0.003,53,53.1675,0,23
5012,-4.5837,0.003,53,53.1675,0,23
5013,-4.5837,0.0091,53,53.1675,0,23
5014,-4.5837,0.0061,53,53.1675,0,23
5015,-4.5837,-0.003,53,53.1675,0,23
5016,-4.5837,0,53,53.1675,0,23
5017,-4.5837,-0.0061,53,53.1675,0,23
5018,-4.5837,0.0061,53,53.1675,0,23
5019,-4.5837,-0.0122,53,53.1675,0,23
5020,-4.5837,0,53,53.1675,0,23
5021,-4.5837,0.0122,53,53.1675,0,23
5022,-4.5837,0,53,53.1675,0,23
5023,-4.5837,0.0061,53,53.1675,0,23
5024,-4.5837,0.0061,53,53.1675,0,23
5025,-4.5837,0,53,53.1675,0,23
5026,-4.5836,-0.003,53,53.1675,0,23
5027,-4.5837,0,53,53.1675,0,23
5028,-4.5836,0.003,53,53.1675,0,23
5029,-4.5837,-0.003,53,53.1675,0,23
5030,-4.5836,0.0061,53,53.1675,0,23
5031,-4.5836,-0.003,53,53.1675,0,23
5032,-4.5836,0.0091,53,53.1675,0,23
5033,-4.5836,0,53,53.1675,0,23
5034,-4.5836,0,53,53.1675,0,23
5035,-4.5836,-0.0183,53,53.1675,0,23
5036,-4.5836,0.0061,53,53.1675,0,23
5037,-4.5836,0,53,53.1675,0,23
5038,-4.5836,0,53,53.1675,0,23
5039,-4.5836,-0.003,53,53.1675,0,23
5040,-4.5836,-0.0091,53,53.1675,0,23
5041,-4.5836,-0.003,53,53.1675,0,23
5042,-4.5836,0.003,53,53.1675,0,23
5043,-4.5836,0.003,53,53.1675,0,23
5044,-4.5836,0.0061,53,53.1675,0,23
5045,-4.5836,-0.0091,53,53.1675,0,23
5046,-4.5836,-0.003,53,53.1675,0,23
5047,-4.5836,0,53,53.1675,0,23
5048,-4.5836,0.0061,53,53.1675,0,23
5049,-4.5836,-0.003,53,53.1675,0,23
5050,-4.5836,0.0061,53,53.1675,0,23
5051,-4.5836,0,53,53.1675,0,23
5052,-4.5836,0.0091,53,53.1675,0,23
5053,-4.5836,-0.0061,53,53.1675,0,23
5054,-4.5836,0.0091,53,53.1675,0,23
5055,-4.5836,-0.0091,53,53.1675,0,23
5056,-4.5836,-0.0091,53,53.1675,0,23
5057,-4.5836,0,53,53.1675,0,23
5058,-4.5836,-0.003,53,53.1675,0,23
5059,-4.5836,0.0152,53,53.1675,0,23
5060,-4.5836,0.003,53,53.1675,0,23
5061,-4.5836,0,53,53.1675,0,23
5062,-4.5836,0.0061,53,53.1675,0,23
5063,-4.5836,-0.003,53,53.1675,0,23
5064,-4.5836,-0.0091,53,53.1675,0,23
5065,-4.5836,0.003,53,53.1675,0,23
5066,-4.5836,0,53,53.1675,0,23
5067,-4.5836,-0.003,53,53.1675,0,23
5068,-4.5836,0.0061,53,53.1675,0,23
5069,-4.5836,0.003,53,53.1675,0,23
5070,-4.5836,-0.0061,53,53.1675,0,23
5071,-4.5836,0.0061,53,53.1675,0,23
5072,-4.5836,0.0122,53,53.1675,0,23
5073,-4.5836,0,53,53.1675,0,23
5074,-4.5835,0.0061,53,53.1675,0,23
5075,-4.5836,0,53,53.1675,0,23
5076,-4.5836,0.003,53,53.1675,0,23
5077,-4.5836,-0.0091,53,53.1675,0,23
5078,-4.5835,0,53,53.1675,0,23
5079,-4.5836,0.003,53,53.1675,0,23
5080,-4.5835,0.0061,53,53.1675,0,23
5081,-4.5836,-0.0091,53,53.1675,0,23
5082,-4.5835,0.0122,53,53.1675,0,23
5083,-4.5835,-0.0061,53,53.1675,0,23
5084,-4.5835,0.0061,53,53.1675,0,23
5085,-4.5836,-0.003,53,53.1675,0,23
5086,-4.5835,-0.0091,53,53.1675,0,23
5087,-4.5835,0.0061,53,53.1675,0,23
5088,-4.5835,-0.0061,53,53.1675,0,23
5089,-4.5835,0,53,53.1675,0,23
5090,-4.5835,0.0061,53,53.1675,0,23
5091,-4.5835,0.003,53,53.1675,0,23
5092,-4.5835,0.0061,53,53.1675,0,23
5093,-4.5835,-0.0061,53,53.1675,0,23
5094,-4.5835,0.0183,53,53.1675,0,23
5095,-4.5835,0.003,53,53.1675,0,23
5096,-4.5835,0,53,53.1675,0,23
5097,-4.5835,-0.0091,53,53.1675,0,23
5098,-4.5835,-0.0061,53,53.1675,0,23
5099,-4.5835,-0.0091,53,53.1675,0,23
5100,-4.5835,0.003,53,53.1675,0,23
5101,-4.5835,-0.0122,53,53.1675,0,23
5102,-4.5835,0.0061,53,53.1675,0,23
5103,-4.5835,0,53,53.1675,0,23
5104,-4.5835,-0.003,53,53.1675,0,23
5105,-4.5835,-0.0061,53,53.1675,0,23
5106,-4.5835,-0.003,53,53.1675,0,23
5107,-4.5835,-0.0061,53,53.1675,0,23
5108,-4.5835,-0.003,53,53.1675,0,23
5109,-4.5835,-0.0122,53,53.1675,0,23
5110,-4.5835,0.0091,53,53.1675,0,23
5111,-4.5835,-0.0091,53,53.1675,0,23
5112,-4.5835,0.0152,53,53.1675,0,23
5113,-4.5835,0,53,53.1675,0,23
5114,-4.5835,0,53,53.1675,0,23
5115,-4.5835,0.0091,53,53.1675,0,23
5116,-4.5835,0.003,53,53.1675,0,23
5117,-4.5835,-0.0061,53,53.1675,0,23
5118,-4.5835,0,53,53.1675,0,23
5119,-4.5835,0.003,53,53.1675,0,23
5120,-4.5835,0.003,53,53.1675,0,23
5121,-4.5835,-0.0152,53,53.1675,0,23
5122,-4.5834,0.0122,53,53.1675,0,23
5123,-4.5835,-0.0122,53,53.1675,0,23
5124,-4.5835,0,53,53.1675,0,23
5125,-4.5835,0.003,53,53.1675,0,23
5126,-4.5835,0.0061,53,53.1675,0,23
5127,-4.5835,0,53,53.1675,0,23
5128,-4.5834,-0.0061,53,53.1675,0,23
5129,-4.5834,-0.003,53,53.1675,0,23
5130,-4.5834,0.0122,54,53.1675,0,24
5131,-4.5834,-0.0122,53,53.1675,0,23
5132,-4.5834,0.0122,53,53.1675,0,23
5133,-4.5834,-0.003,53,53.1675,0,23
5134,-4.5834,0,53,53.1675,0,23
5135,-4.5834,-0.003,53,53.1675,0,23
5136,-4.5834,-0.0091,53,53.1675,0,23
5137,-4.5834,0.0061,53,53.1675,0,23
5138,-4.5834,-0.0091,53,53.1675,0,23
5139,-4.5834,-0.0122,53,53.1675,0,23
5140,-4.5834,0.0061,53,53.1675,0,23
5141,-4.5834,-0.0091,53,53.1675,0,23
5142,-4.5834,-0.0061,53,53.1675,0,23
5143,-4.5834,0.003,53,53.1675,0,23
5144,-4.5834,0.003,53,53.1675,0,23
5145,-4.5834,-0.0061,53,53.1675,0,23
5146,-4.5834,-0.0091,53,53.1675,0,23
5147,-4.5834,-0.003,53,53.1675,0,23
5148,-4.5834,-0.0091,53,53.1675,0,23
5149,-4.5834,0.003,53,53.1675,0,23
5150,-4.5834,0.0122,53,53.1675,0,23
5151,-4.5834,0.003,53,53.1675,0,23
5152,-4.5834,0.0091,53,53.1675,0,23
5153,-4.5834,0.003,53,53.1675,0,23
5154,-4.5834,0,53,53.1675,0,23
5155,-4.5834,0,53,53.1675,0,23
5156,-4.5834,0,53,53.1675,0,23
5157,-4.5834,0.0061,53,53.1675,0,23
5158,-4.5834,-0.0061,53,53.1675,0,23
5159,-4.5834,0.003,53,53.1675,0,23
5160,-4.5834,0.0122,53,53.1675,0,23
5161,-4.5834,-0.003,53,53.1675,0,23
5162,-4.5834,-0.003,53,53.1675,0,23
5163,-4.5834,0.003,53,53.1675,0,23
5164,-4.5834,0.003,53,53.1675,0,23
5165,-4.5834,-0.003,53,53.1675,0,23
5166,-4.5834,0,53,53.1675,0,23
5167,-4.5834,0.0091,53,53.1675,0,23
5168,-4.5834,-0.0091,53,53.1675,0,23
5169,-4.5834,0.0061,53,53.1675,0,23
5170,-4.5834,-0.003,53,53.1675,0,23
5171,-4.5834,0,53,53.1675,0,23
5172,-4.5834,0.003,53,53.1675,0,23
5173,-4.5834,-0.003,53,53.1675,0,23
5174,-4.5834,0.0061,53,53.1675,0,23
5175,-4.5834,0.0091,53,53.1675,0,23
5176,-4.5834,-0.0061,53,53.1675,0,23
5177,-4.5833,0,53,53.1675,0,23
5178,-4.5833,-0.0061,53,53.1675,0,23
5179,-4.5833,-0.003,53,53.1675,0,23
5180,-4.5834,0,53,53.1675,0,23
5181,-4.5833,0.0061,53,53.1675,0,23
5182,-4.5833,0,53,53.1675,0,23
5183,-4.5833,0.003,53,53.1675,0,23
5184,-4.5833,-0.003,53,53.1675,0,23
5185,-4.5833,-0.0091,53,53.1675,0,23
5186,-4.5833,0.0061,53,53.1675,0,23
5187,-4.5833,0,53,53.1675,0,23
5188,-4.5833,0,53,53.1675,0,23
5189,-4.5833,-0.0061,53,53.1675,0,23
5190,-4.5833,0,53,53.1675,0,23
5191,-4.5833,-0.0061,53,53.1675,0,23
5192,-4.5833,0.0061,53,53.1675,0,23
5193,-4.5833,0.0061,53,53.1675,0,23
5194,-4.5833,0,53,53.1675,0,23
5195,-4.5833,-0.0091,53,53.1675,0,23
5196,-4.5833,-0.003,53,53.1675,0,23
5197,-4.5833,-0.0122,53,53.1675,0,23
5198,-4.5833,0.0061,53,53.1675,0,23
5199,-4.5833,0,53,53.1675,0,23
5200,-4.5833,-0.0152,53,53.1675,0,23
5201,-4.5833,0.0061,53,53.1675,0,23
5202,-4.5833,0.0122,53,53.1675,0,23
5203,-4.5833,0.003,53,53.1675,0,23
5204,-4.5833,-0.003,53,53.1675,0,23
5205,-4.5833,0,53,53.1675,0,23
5206,-4.5833,-0.0122,53,53.1675,0,23
5207,-4.5833,0.0061,53,53.1675,0,23
5208,-4.5833,0,53,53.1675,0,23
5209,-4.5833,-0.0122,53,53.1675,0,23
5210,-4.5833,0,53,53.1675,0,23
5211,-4.5833,0.0061,53,53.1675,0,23
5212,-4.5833,0.0061,53,53.1675,0,23
5213,-4.5833,0,53,53.1675,0,23
5214,-4.5833,-0.0061,53,53.1675,0,23
5215,-4.5833,0.0061,53,53.1675,0,23
5216,-4.5833,-0.0061,53,53.1675,0,23
5217,-4.5833,-0.0091,53,53.1675,0,23
5218,-4.5833,0.003,53,53.1675,0,23
5219,-4.5833,0.0183,53,53.1675,0,23
5220,-4.5833,-0.0091,53,53.1675,0,23
5221,-4.5833,0.0091,53,53.1675,0,23
5222,-4.5832,0.0152,53,53.1675,0,23
5223,-4.5832,-0.0061,53,53.1675,0,23
5224,-4.5833,0.0122,53,53.1675,0,23
5225,-4.5832,0.003,53,53.1675,0,23
5226,-4.5832,-0.0061,53,53.1675,0,23
5227,-4.5832,0,53,53.1675,0,23
5228,-4.5832,0.003,53,53.1675,0,23
5229,-4.5832,-0.0122,53,53.1675,0,23
5230,-4.5832,-0.0152,53,53.1675,0,23
5231,-4.5832,-0.0122,53,53.1675,0,23
5232,-4.5832,-0.0091,53,53.1675,0,23
5233,-4.5832,0.0213,53,53.1675,0,23
5234,-4.5832,-0.0122,53,53.1675,0,23
5235,-4.5832,0,53,53.1675,0,23
5236,-4.5832,-0.003,53,53.1675,0,23
5237,-4.5832,0.0091,53,53.1675,0,23
5238,-4.5832,-0.003,53,53.1675,0,23
5239,-4.5832,0.003,53,53.1675,0,23
5240,-4.5832,0.0061,53,53.1675,0,23
5241,-4.5832,0.0122,53,53.1675,0,23
5242,-4.5832,-0.0091,53,53.1675,0,23
5243,-4.5832,0.0061,53,53.1675,0,23
5244,-4.5832,-0.003,53,53.1675,0,23
5245,-4.5832,0.003,53,53.1675,0,23
5246,-4.5831,0.0061,53,53.1675,0,23
5247,-4.5832,-0.0061,53,53.1675,0,23
5248,-4.5831,-0.003,53,53.1675,0,23
5249,-4.5831,-0.0122,53,53.1675,0,23
5250,-4.5831,0,53,53.1675,0,23
5251,-4.5831,-0.003,53,53.1675,0,23
5252,-4.583,0.003,53,53.1675,0,23
5253,-4.583,0.003,53,53.1675,0,23
5254,-4.583,-0.003,53,53.1675,0,23
5255,-4.583,-0.0061,53,53.1675,0,23
5256,-4.583,-0.003,53,53.1675,0,23
5257,-4.583,0.0091,53,53.1675,0,23
5258,-4.583,-0.003,53,53.1675,0,23
5259,-4.583,0.0122,53,53.1675,0,23
5260,-4.583,-0.003,53,53.1675,0,23
5261,-4.583,0,53,53.1675,0,23
5262,-4.583,-0.003,53,53.1675,0,23
5263,-4.583,-0.003,53,53.1675,0,23
5264,-4.583,0.003,53,53.1675,0,23
5265,-4.583,0.0061,53,53.1675,0,23
5266,-4.583,0.003,53,53.1675,0,23
5267,-4.583,0.0061,53,53.1675,0,23
5268,-4.583,-0.0091,53,53.1675,0,23
5269,-4.5829,-0.0061,53,53.1675,0,23
5270,-4.5829,0.003,53,53.1675,0,23
5271,-4.5829,0.0091,53,53.1675,0,23
5272,-4.583,-0.003,53,53.1675,0,23
5273,-4.5829,0,53,53.1675,0,23
5274,-4.5829,-0.003,53,53.1675,0,23
5275,-4.5829,0,53,53.1675,0,23
5276,-4.5829,0,53,53.1675,0,23
5277,-4.5829,0.0061,53,53.1675,0,23
5278,-4.5829,-0.003,53,53.1675,0,23
5279,-4.5829,0.003,53,53.1675,0,23
5280,-4.5829,0.0122,53,53.1675,0,23
5281,-4.5829,0.003,53,53.1675,0,23
5282,-4.5829,-0.003,53,53.1675,0,23
5283,-4.5829,0.003,53,53.1675,0,23
5284,-4.5829,0.003,53,53.1675,0,23
5285,-4.5829,0,53,53.1675,0,23
5286,-4.5829,0.0091,53,53.1675,0,23
5287,-4.5829,0,53,53.1675,0,23
5288,-4.5829,0.0061,53,53.1675,0,23
5289,-4.5829,-0.0122,53,53.1675,0,23
5290,-4.5829,-0.0091,53,53.1675,0,23
5291,-4.5829,0.003,53,53.1675,0,23
5292,-4.5829,-0.0091,53,53.1675,0,23
5293,-4.5829,-0.0061,53,53.1675,0,23
5294,-4.5829,0.0061,53,53.1675,0,23
5295,-4.5829,-0.0061,53,53.1675,0,23
5296,-4.5829,-0.003,53,53.1675,0,23
5297,-4.5829,0,53,53.1675,0,23
5298,-4.5829,-0.0061,53,53.1675,0,23
5299,-4.5829,0.003,53,53.1675,0,23
5300,-4.5829,0.0061,53,53.1675,0,23
5301,-4.5829,0,53,53.1675,0,23
5302,-4.5829,-0.0061,53,53.1675,0,23
5303,-4.5829,0.003,53,53.1675,0,23
5304,-4.5829,0.003,53,53.1675,0,23
5305,-4.5829,0,53,53.1675,0,23
5306,-4.5829,0.003,53,53.1675,0,23
5307,-4.5829,0,53,53.1675,0,23
5308,-4.5829,-0.0091,53,53.1675,0,23
5309,-4.5829,0.003,53,53.1675,0,23
5310,-4.5829,0,53,53.1675,0,23
