cnt,pos,speed,DTorque,DAC,STorque,Force,Dir
1,323.912,-0.0274,-3,0,0,0,1
2,323.914,-0.0335,-4,0,0,0,1
3,323.916,-0.07,-5,0,0,0,1
4,323.919,-0.0913,-5,0,0,0,1
5,323.925,-0.1521,-5,0,0,0,1
6,323.931,-0.2982,-4,0,0,0,1
7,323.939,-0.2982,-4,0,0,0,1
8,323.949,-0.1248,-4,0,0,0,1
9,323.952,0.0091,-6,0,0,-1,1
10,323.952,-0.0091,-6,0,0,-1,1
11,323.953,-0.0243,-7,0,0,-1,1
12,323.954,-0.0487,-7,0,0,-1,1
13,323.956,-0.0396,-7,0,0,-1,1
14,323.957,-0.0274,-7,0,0,-1,1
15,323.957,-0.0122,-8,0,0,-1,1
16,323.959,-0.0274,-8,0,0,-1,1
17,323.96,-0.0243,-8,0,0,-1,1
18,323.962,-0.0213,-8,0,0,-1,1
19,323.963,-0.0213,-8,0,0,-1,1
20,323.964,-0.0243,-9,0,0,-1,1
21,323.966,-0.1187,-8,0,0,-1,1
22,323.971,-0.9402,-4,0,0,0,1
23,324.079,-3.6028,29,0,0,5,1
24,324.238,-4.6465,58,0,0,10,1
25,324.405,-5.2642,89,0,0,15,1
26,324.606,-5.961,120,0,0,21,1
27,324.867,-8.7696,187,0,0,32,1
28,325.202,-7.6711,232,0,0,40,1
29,325.425,-10.2058,281,0,0,49,1
30,325.742,-11.6025,341,0,0,60,1
31,326.044,-6.2075,391,0,0,68,1
32,326.233,-5.7023,402,0,0,70,1
33,326.361,-4.7895,429,0,0,75,1
34,326.43,-0.0456,426,0,0,74,1
35,326.43,0.0304,444,0,0,78,1
36,326.429,0.0943,468,0,0,82,1
37,326.424,0.5447,500,0,0,88,1
38,326.392,1.7953,515,0,0,90,1
39,326.311,3.2589,522,0,0,91,1
40,326.212,5.9975,522,0,0,91,1
41,325.946,5.2459,520,0,0,91,1
42,325.726,11.2099,482,0,0,84,1
43,325.427,9.8406,484,0,0,85,1
44,325.034,6.2348,485,0,0,85,1
45,324.787,9.1621,423,0,0,74,1
46,324.536,11.6785,411,0,0,72,1
47,324.199,6.4296,404,0,0,71,1
48,324.059,8.3405,385,0,0,67,1
49,323.839,3.9162,381,0,0,67,1
50,323.71,2.5134,377,0,0,66,1
51,323.65,2.3765,376,0,0,66,1
52,323.58,2.839,361,0,0,63,1
53,323.528,1.1745,359,0,0,63,1
54,323.507,0.3834,361,0,0,63,1
55,323.499,0.2039,357,0,0,62,1
56,323.498,-0.0669,354,0,0,62,1
57,323.501,-0.0426,348,0,0,61,1
58,323.503,-0.1217,344,0,0,60,1
59,323.507,-0.0548,339,0,0,59,1
60,323.51,-0.6573,335,0,0,58,1
61,323.543,-1.7649,344,0,0,60,1
62,323.599,-2.1118,348,0,0,61,1
63,323.675,-2.9394,359,0,0,63,1
64,323.793,-3.834,377,0,0,66,1
65,323.861,-2.057,375,0,0,66,1
66,323.905,-0.2434,362,0,0,63,1
67,323.913,-0.6299,360,0,0,63,1
68,323.944,-1.275,369,0,0,64,1
69,323.98,-1.205,374,0,0,65,1
70,324.006,-0.7425,374,0,0,65,1
71,324.028,-0.6481,375,0,0,66,1
72,324.08,-2.3126,393,0,0,69,1
73,324.158,-3.0033,410,0,0,72,1
74,324.26,-1.5306,416,0,0,73,1
75,324.298,-0.1917,412,0,0,72,1
76,324.301,-0.0183,413,0,0,72,1
77,324.301,0.0365,416,0,0,73,1
78,324.3,-0.003,420,0,0,73,1
79,324.301,-0.003,424,0,0,74,1
80,324.3,-0.0091,428,0,0,75,1
81,324.3,0.003,431,0,0,75,1
82,324.3,-0.0091,438,0,0,77,1
83,324.3,0.0213,441,0,0,77,1
84,324.299,0.003,445,0,0,78,1
85,324.299,0.0304,450,0,0,79,1
86,324.298,0.0183,456,0,0,80,1
87,324.297,0.0822,459,0,0,80,1
88,324.295,-0.0122,464,0,0,81,1
89,324.294,0.1947,467,0,0,82,1
90,324.278,0.855,465,0,0,81,1
91,324.252,1.2537,461,0,0,81,1
92,324.202,2.5195,452,0,0,79,1
93,324.132,5.0542,430,0,0,75,1
94,323.868,4.1626,389,0,0,68,1
95,323.729,3.9801,385,0,0,67,1
96,323.635,3.7153,373,0,0,65,1
97,323.511,0.2647,377,0,0,66,1
98,323.509,0,377,0,0,66,1
99,323.51,-0.0122,370,0,0,65,1
100,323.51,0,364,0,0,64,1
101,323.51,0,358,0,0,63,1
102,323.51,0.0365,353,0,0,62,1
103,323.494,1.3419,332,0,0,58,1
104,323.435,3.1372,305,0,0,53,1
105,323.229,1.7344,273,0,0,48,1
106,323.211,-0.0396,277,0,0,48,1
107,323.212,-0.07,269,0,0,47,1
108,323.214,-0.0243,259,0,0,45,1
109,323.214,0,250,0,0,44,1
110,323.212,0.2404,239,0,0,42,1
111,323.163,2.8481,203,0,0,35,1
112,323.067,4.12,173,0,0,30,1
113,322.911,4.0987,139,0,0,24,1
114,322.819,3.3806,124,0,0,21,1
115,322.734,1.3206,116,0,0,20,1
116,322.694,0.7151,101,0,0,17,1
117,322.682,-0.0061,86,0,0,15,1
118,322.682,-0.0152,74,0,0,13,1
119,322.683,-0.0183,57,0,0,10,1
120,322.684,-0.0578,45,0,0,7,1
121,322.687,-0.0822,28,0,0,4,1
122,322.693,-0.3347,11,0,0,1,1
123,322.703,-0.6664,3,0,0,0,1
124,322.732,-1.3449,-4,0,0,0,1
125,322.78,-1.9992,-7,0,0,-1,1
126,322.847,-2.203,-11,0,0,-1,1
127,322.925,-2.3004,-16,0,0,-2,1
128,322.99,-2.5225,-17,0,0,-2,1
129,323.098,-2.9546,-16,0,0,-2,1
130,323.191,-2.6899,-18,0,0,-3,1
131,323.278,-2.1635,-19,0,0,-3,1
132,323.359,-2.0418,-23,0,0,-4,1
133,323.454,-1.9079,-23,0,0,-4,1
134,323.545,-1.8988,-21,0,0,-3,1
135,323.605,-1.5701,-22,0,0,-3,1
136,323.655,-1.3875,-22,0,0,-3,1
137,323.699,-1.1046,-24,0,0,-4,1
138,323.721,-0.9798,-24,0,0,-4,1
139,323.761,-0.8976,-24,0,0,-4,1
140,323.796,-0.9646,-23,0,0,-4,1
141,323.82,-0.992,-21,0,0,-3,1
142,323.85,-0.8124,-21,0,0,-3,1
143,323.873,-0.7455,-20,0,0,-3,1
144,323.896,-0.6207,-21,0,0,-3,1
145,323.913,-0.4899,-20,0,0,-3,1
146,323.934,-0.4656,-19,0,0,-3,1
147,323.952,-0.3986,-18,0,0,-3,1
148,323.962,-0.3347,-17,0,0,-2,1
149,323.972,-0.1795,-17,0,0,-2,1
150,323.976,-0.0882,-18,0,0,-3,1
151,323.978,-0.0213,-18,0,0,-3,1
152,323.979,-0.0152,-19,0,0,-3,1
153,323.979,0,-19,0,0,-3,1
154,323.979,-0.0122,-19,0,0,-3,1
155,323.98,-0.0122,-19,0,0,-3,1
156,323.98,0,-18,0,0,-3,1
157,323.98,0.0061,-18,0,0,-3,1
158,323.981,0.0061,-18,0,0,-3,1
159,323.981,-0.0122,-18,0,0,-3,1
160,323.981,-0.0396,-18,0,0,-3,1
161,323.983,-0.0456,-18,0,0,-3,1
162,323.984,-0.0365,-18,0,0,-3,1
163,323.985,-0.0122,-18,0,0,-3,1
164,323.985,0.0152,-18,0,0,-3,1
165,323.985,-0.0061,-18,0,0,-3,1
166,323.985,0,-18,0,0,-3,1
167,323.985,0.003,-18,0,0,-3,1
168,323.985,0.0061,-18,0,0,-3,1
169,323.985,0.003,-17,0,0,-2,1
170,323.985,0.0091,-18,0,0,-3,1
171,323.985,0.0061,-17,0,0,-2,1
172,323.985,-0.0213,-17,0,0,-2,1
173,323.985,0.003,-17,0,0,-2,1
174,323.985,-0.0122,-17,0,0,-2,1
175,323.986,-0.0152,-17,0,0,-2,1
176,323.986,-0.003,-17,0,0,-2,1
177,323.986,-0.0091,-17,0,0,-2,1
178,323.986,-0.003,-17,0,0,-2,1
179,323.986,-0.003,-17,0,0,-2,1
180,323.986,-0.0061,-17,0,0,-2,1
181,323.986,0,-17,0,0,-2,1
182,323.986,0,-17,0,0,-2,1
183,323.986,0.003,-17,0,0,-2,1
184,323.986,0.0061,-17,0,0,-2,1
185,323.986,0.003,-16,0,0,-2,1
186,323.986,0.003,-16,0,0,-2,1
187,323.986,-0.0061,-16,0,0,-2,1
188,323.986,0,-16,0,0,-2,1
189,323.986,-0.003,-16,0,0,-2,1
190,323.986,0,-16,0,0,-2,1
191,323.986,0.0122,-16,0,0,-2,1
192,323.986,-0.0061,-16,0,0,-2,1
193,323.986,-0.0061,-16,0,0,-2,1
194,323.987,-0.0091,-16,0,0,-2,1
195,323.987,-0.003,-16,0,0,-2,1
196,323.987,0.003,-15,0,0,-2,1
197,323.987,0.003,-15,0,0,-2,1
198,323.987,-0.0091,-15,0,0,-2,1
199,323.987,-0.0091,-15,0,0,-2,1
200,323.987,-0.0061,-15,0,0,-2,1
201,323.987,0,-15,0,0,-2,1
202,323.987,-0.0091,-15,0,0,-2,1
203,323.987,-0.0183,-14,0,0,-2,1
204,323.987,0.0152,-15,0,0,-2,1
205,323.987,-0.0122,-14,0,0,-2,1
206,323.987,-0.0061,-14,0,0,-2,1
207,323.987,-0.003,-14,0,0,-2,1
208,323.987,-0.003,-14,0,0,-2,1
209,323.987,-0.0061,-14,0,0,-2,1
210,323.987,-0.0061,-14,0,0,-2,1
211,323.987,-0.003,-14,0,0,-2,1
212,323.987,0,-13,0,0,-2,1
213,323.988,0,-13,0,0,-2,1
214,323.988,0.0061,-13,0,0,-2,1
215,323.988,-0.003,-13,0,0,-2,1
216,323.988,0.0061,-13,0,0,-2,1
217,323.988,-0.0061,-13,0,0,-2,1
218,323.988,-0.003,-13,0,0,-2,1
219,323.988,-0.0061,-13,0,0,-2,1
220,323.988,-0.0061,-12,0,0,-2,1
221,323.989,-0.0122,-12,0,0,-2,1
222,323.989,-0.0122,-12,0,0,-2,1
223,323.99,0,-12,0,0,-2,1
224,323.991,-0.0091,-11,0,0,-1,1
225,323.991,-0.0061,-10,0,0,-1,1
226,323.991,-0.0091,-10,0,0,-1,1
227,323.991,0.0091,-10,0,0,-1,1
228,323.991,0,-10,0,0,-1,1
229,323.99,0.0091,-9,0,0,-1,1
230,323.99,-0.0091,-9,0,0,-1,1
231,323.99,0,-9,0,0,-1,1
232,323.99,0.0061,-9,0,0,-1,1
233,323.99,0.0061,-8,0,0,-1,1
234,323.99,0,-8,0,0,-1,1
235,323.99,0.0091,-8,0,0,-1,1
236,323.991,-0.1826,-7,0,0,-1,1
237,324.011,-2.3765,8,0,0,1,1
238,324.082,-4.2691,33,0,0,5,1
239,324.23,-6.107,64,0,0,11,1
240,324.403,-7.878,102,0,0,17,1
241,324.728,-8.4288,160,0,0,28,1
242,325.081,-8.2766,209,0,0,36,1
243,325.3,-4.4821,219,0,0,38,1
244,325.466,-3.408,246,0,0,43,1
245,325.564,-1.2689,259,0,0,45,1
246,325.583,-0.2404,268,0,0,47,1
247,325.59,-0.0152,299,0,0,52,1
248,325.591,-0.0426,316,0,0,55,1
249,325.591,0.1582,342,0,0,60,1
250,325.589,0.1552,364,0,0,64,1
251,325.587,0.2647,379,0,0,66,1
252,325.557,1.0711,400,0,0,70,1
253,325.524,1.6797,408,0,0,71,1
254,325.438,2.7781,411,0,0,72,1
255,325.328,5.6628,399,0,0,70,1
256,325.097,3.4628,405,0,0,71,1
257,324.776,6.174,368,0,0,64,1
258,324.608,5.2429,372,0,0,65,1
259,324.296,2.6686,362,0,0,63,1
260,324.214,2.5743,363,0,0,63,1
261,324.164,2.6321,356,0,0,62,1
262,324.071,3.1646,347,0,0,61,1
263,323.957,3.7488,325,0,0,57,1
264,323.874,2.2761,325,0,0,57,1
265,323.824,0.283,335,0,0,58,1
266,323.817,0.2556,335,0,0,58,1
267,323.803,0.2678,330,0,0,58,1
268,323.798,0.003,329,0,0,57,1
269,323.798,0.0091,327,0,0,57,1
270,323.798,-0.0061,325,0,0,57,1
271,323.798,-0.003,322,0,0,56,1
272,323.798,0.0061,320,0,0,56,1
273,323.798,0.0122,317,0,0,55,1
274,323.798,0.0091,315,0,0,55,1
275,323.798,-0.0061,313,0,0,55,1
276,323.797,0.0152,311,0,0,54,1
277,323.795,0.0639,308,0,0,54,1
278,323.795,0.003,307,0,0,54,1
279,323.795,0.0061,305,0,0,53,1
280,323.795,-0.0122,303,0,0,53,1
281,323.795,-0.0061,300,0,0,52,1
282,323.796,-0.0335,298,0,0,52,1
283,323.798,-0.0335,296,0,0,52,1
284,323.801,-0.1521,289,0,0,50,1
285,323.848,-0.3317,283,0,0,49,1
286,323.858,-0.1248,279,0,0,49,1
287,323.863,-0.1613,278,0,0,48,1
288,323.867,-0.0822,277,0,0,48,1
289,323.869,-0.0122,276,0,0,48,1
290,323.87,-0.0335,274,0,0,48,1
291,323.871,-0.0669,274,0,0,48,1
292,323.873,-0.0578,272,0,0,47,1
293,323.876,-0.1065,272,0,0,47,1
294,323.879,-0.0609,271,0,0,47,1
295,323.882,-0.1126,270,0,0,47,1
296,323.885,-0.1004,269,0,0,47,1
297,323.892,-0.3317,270,0,0,47,1
298,323.905,-0.1826,269,0,0,47,1
299,323.916,-0.21,268,0,0,47,1
300,323.934,-0.925,275,0,0,48,1
301,323.961,-0.4473,275,0,0,48,1
302,323.993,-1.3723,285,0,0,50,1
303,324.028,-1.2354,288,0,0,50,1
304,324.071,-1.771,298,0,0,52,1
305,324.141,-2.3278,312,0,0,54,1
306,324.208,-1.6918,317,0,0,55,1
307,324.259,-0.8033,319,0,0,56,1
308,324.279,-0.2982,320,0,0,56,1
309,324.284,-0.0396,321,0,0,56,1
310,324.284,-0.0091,324,0,0,57,1
311,324.284,0.0122,329,0,0,57,1
312,324.284,0.0213,333,0,0,58,1
313,324.283,0.0061,336,0,0,59,1
314,324.283,0.0213,340,0,0,59,1
315,324.282,0.0213,344,0,0,60,1
316,324.281,0.0243,348,0,0,61,1
317,324.28,0.0152,352,0,0,61,1
318,324.279,0.1248,355,0,0,62,1
319,324.275,0.2404,355,0,0,62,1
320,324.271,0.0609,359,0,0,63,1
321,324.269,0.1248,362,0,0,63,1
322,324.255,0.7364,361,0,0,63,1
323,324.234,0.6207,361,0,0,63,1
324,324.207,1.1867,359,0,0,63,1
325,324.155,1.8014,350,0,0,61,1
326,324.096,2.8177,341,0,0,60,1
327,323.968,3.7701,312,0,0,54,1
328,323.852,0.9037,323,0,0,56,1
329,323.818,0.5934,319,0,0,56,1
330,323.802,0.0548,321,0,0,56,1
331,323.798,0.4017,317,0,0,55,1
332,323.785,0.3195,311,0,0,54,1
333,323.779,-0.003,311,0,0,54,1
334,323.779,0,309,0,0,54,1
335,323.779,0.0091,305,0,0,53,1
336,323.779,-0.0152,302,0,0,53,1
337,323.78,-0.0213,299,0,0,52,1
338,323.78,-0.0061,298,0,0,52,1
339,323.781,-0.0274,295,0,0,51,1
340,323.782,0.003,293,0,0,51,1
341,323.782,-0.0304,290,0,0,51,1
342,323.783,-0.0487,288,0,0,50,1
343,323.784,-0.0639,286,0,0,50,1
344,323.786,-0.1035,284,0,0,49,1
345,323.789,-0.0487,281,0,0,49,1
346,323.791,-0.0791,280,0,0,49,1
347,323.794,-0.1826,279,0,0,49,1
348,323.799,-0.2556,278,0,0,48,1
349,323.809,-0.2952,278,0,0,48,1
350,323.818,-0.1613,275,0,0,48,1
351,323.826,-0.2221,274,0,0,48,1
352,323.832,-0.2526,273,0,0,48,1
353,323.844,-0.2617,273,0,0,48,1
354,323.853,-0.1917,271,0,0,47,1
355,323.864,-0.1917,270,0,0,47,1
356,323.871,-0.1978,269,0,0,47,1
357,323.877,-0.0852,267,0,0,46,1
358,323.879,-0.0365,265,0,0,46,1
359,323.88,-0.0091,264,0,0,46,1
360,323.88,0.003,263,0,0,46,1
361,323.88,0.003,262,0,0,46,1
362,323.88,0.003,261,0,0,45,1
363,323.88,0.0183,260,0,0,45,1
364,323.88,0.003,258,0,0,45,1
365,323.879,0.0243,257,0,0,45,1
366,323.879,0.0152,255,0,0,44,1
367,323.878,0.073,254,0,0,44,1
368,323.874,0.3347,251,0,0,44,1
369,323.851,1.5884,238,0,0,41,1
370,323.775,3.0459,214,0,0,37,1
371,323.609,5.1333,178,0,0,31,1
372,323.432,4.9264,150,0,0,26,1
373,323.294,4.7408,133,0,0,23,1
374,323.156,4.8077,108,0,0,19,1
375,323.036,3.7366,92,0,0,16,1
376,322.927,2.5347,78,0,0,13,1
377,322.856,1.561,65,0,0,11,1
378,322.83,0.0061,59,0,0,10,1
379,322.826,0.0761,48,0,0,8,1
380,322.826,0.0213,34,0,0,5,1
381,322.827,-0.1035,22,0,0,3,1
382,322.832,-0.1887,4,0,0,0,1
383,322.846,-0.7942,-7,0,0,-1,1
384,322.882,-1.3693,-13,0,0,-2,1
385,322.919,-1.704,-16,0,0,-2,1
386,322.988,-2.2396,-18,0,0,-3,1
387,323.069,-2.626,-18,0,0,-3,1
388,323.14,-2.6564,-17,0,0,-2,1
389,323.233,-2.5925,-18,0,0,-3,1
390,323.302,-2.1026,-21,0,0,-3,1
391,323.385,-2.0205,-23,0,0,-4,1
392,323.453,-1.8592,-24,0,0,-4,1
393,323.516,-1.8988,-23,0,0,-4,1
394,323.585,-1.4423,-24,0,0,-4,1
395,323.634,-1.3145,-24,0,0,-4,1
396,323.658,-1.1289,-25,0,0,-4,1
397,323.702,-0.9281,-27,0,0,-4,1
398,323.73,-0.8124,-28,0,0,-4,1
399,323.756,-0.7516,-28,0,0,-4,1
400,323.785,-0.712,-28,0,0,-4,1
401,323.806,-0.7698,-28,0,0,-4,1
402,323.826,-0.7181,-27,0,0,-4,1
403,323.846,-0.6177,-27,0,0,-4,1
404,323.866,-0.4899,-28,0,0,-4,1
405,323.883,-0.4595,-28,0,0,-4,1
406,323.895,-0.4199,-28,0,0,-4,1
407,323.911,-0.3743,-27,0,0,-4,1
408,323.923,-0.3651,-26,0,0,-4,1
409,323.94,-0.3012,-26,0,0,-4,1
410,323.956,-0.2556,-25,0,0,-4,1
411,323.965,-0.1734,-25,0,0,-4,1
412,323.971,-0.1004,-25,0,0,-4,1
413,323.973,-0.0578,-26,0,0,-4,1
414,323.975,-0.0487,-26,0,0,-4,1
415,323.976,-0.0335,-26,0,0,-4,1
416,323.977,-0.0639,-26,0,0,-4,1
417,323.979,-0.0456,-25,0,0,-4,1
418,323.98,-0.0456,-25,0,0,-4,1
419,323.981,-0.0365,-25,0,0,-4,1
420,323.982,-0.0274,-25,0,0,-4,1
421,323.983,-0.0335,-25,0,0,-4,1
422,323.984,-0.0274,-25,0,0,-4,1
423,323.985,-0.0061,-24,0,0,-4,1
424,323.986,-0.0091,-25,0,0,-4,1
425,323.986,-0.0152,-25,0,0,-4,1
426,323.986,-0.0122,-24,0,0,-4,1
427,323.986,-0.0152,-24,0,0,-4,1
428,323.986,0.003,-24,0,0,-4,1
429,323.986,-0.0061,-24,0,0,-4,1
430,323.986,0.003,-24,0,0,-4,1
431,323.987,0,-24,0,0,-4,1
432,323.987,-0.0152,-24,0,0,-4,1
433,323.987,0.003,-24,0,0,-4,1
434,323.987,-0.0061,-24,0,0,-4,1
435,323.987,0.0061,-24,0,0,-4,1
436,323.987,0,-24,0,0,-4,1
437,323.987,0,-24,0,0,-4,1
438,323.987,-0.003,-23,0,0,-4,1
439,323.987,-0.0061,-23,0,0,-4,1
440,323.987,-0.003,-23,0,0,-4,1
441,323.987,0.0061,-23,0,0,-4,1
442,323.987,0.003,-23,0,0,-4,1
443,323.987,0.003,-23,0,0,-4,1
444,323.987,-0.003,-23,0,0,-4,1
445,323.987,-0.003,-23,0,0,-4,1
446,323.987,-0.003,-23,0,0,-4,1
447,323.987,-0.003,-23,0,0,-4,1
448,323.987,0.0091,-23,0,0,-4,1
449,323.987,-0.003,-22,0,0,-3,1
450,323.987,0.003,-23,0,0,-4,1
451,323.987,0.0091,-22,0,0,-3,1
452,323.987,0.003,-22,0,0,-3,1
453,323.987,0.0061,-22,0,0,-3,1
454,323.987,0.003,-22,0,0,-3,1
455,323.987,0,-22,0,0,-3,1
456,323.987,-0.0061,-22,0,0,-3,1
457,323.987,-0.0122,-22,0,0,-3,1
458,323.987,0.003,-22,0,0,-3,1
459,323.987,-0.003,-22,0,0,-3,1
460,323.987,-0.003,-22,0,0,-3,1
461,323.987,0,-22,0,0,-3,1
462,323.987,0,-21,0,0,-3,1
463,323.987,-0.0061,-21,0,0,-3,1
464,323.987,0.0091,-21,0,0,-3,1
465,323.987,-0.0061,-21,0,0,-3,1
466,323.987,-0.003,-21,0,0,-3,1
467,323.987,-0.003,-21,0,0,-3,1
468,323.987,0.0091,-21,0,0,-3,1
469,323.987,-0.003,-21,0,0,-3,1
470,323.987,0,-21,0,0,-3,1
471,323.987,0.0061,-20,0,0,-3,1
472,323.987,-0.0091,-20,0,0,-3,1
473,323.987,0.003,-20,0,0,-3,1
474,323.987,0.0061,-20,0,0,-3,1
475,323.987,0.0091,-20,0,0,-3,1
476,323.987,0.0061,-20,0,0,-3,1
477,323.987,0,-20,0,0,-3,1
478,323.987,0,-20,0,0,-3,1
479,323.987,-0.0091,-20,0,0,-3,1
480,323.987,0.003,-20,0,0,-3,1
481,323.987,0,-20,0,0,-3,1
482,323.987,0.0061,-20,0,0,-3,1
483,323.987,0.0122,-20,0,0,-3,1
484,323.987,0.003,-20,0,0,-3,1
485,323.987,0,-20,0,0,-3,1
486,323.987,-0.0091,-19,0,0,-3,1
487,323.987,-0.003,-20,0,0,-3,1
488,323.987,0.003,-19,0,0,-3,1
489,323.987,-0.003,-19,0,0,-3,1
490,323.987,-0.003,-19,0,0,-3,1
491,323.987,0.0061,-19,0,0,-3,1
492,323.987,-0.0122,-19,0,0,-3,1
493,323.987,-0.0061,-19,0,0,-3,1
494,323.987,0.0091,-19,0,0,-3,1
495,323.987,-0.0061,-19,0,0,-3,1
496,323.987,-0.0091,-19,0,0,-3,1
497,323.987,0,-19,0,0,-3,1
498,323.987,0.0061,-19,0,0,-3,1
499,323.987,-0.003,-18,0,0,-3,1
500,323.987,-0.003,-18,0,0,-3,1
501,323.987,0.0061,-18,0,0,-3,1
502,323.987,-0.0061,-18,0,0,-3,1
503,323.987,0,-18,0,0,-3,1
504,323.987,-0.0061,-18,0,0,-3,1
505,323.987,0,-18,0,0,-3,1
506,323.987,0.0091,-18,0,0,-3,1
507,323.987,-0.003,-18,0,0,-3,1
508,323.987,0.0061,-18,0,0,-3,1
509,323.987,0.0061,-17,0,0,-2,1
510,323.987,0.0061,-17,0,0,-2,1
511,323.987,-0.0091,-17,0,0,-2,1
512,323.987,0.003,-17,0,0,-2,1
513,323.987,0.0061,-17,0,0,-2,1
514,323.987,0.0061,-17,0,0,-2,1
515,323.987,-0.0122,-17,0,0,-2,1
516,323.987,-0.0061,-17,0,0,-2,1
517,323.987,-0.0061,-17,0,0,-2,1
518,323.987,0.0061,-17,0,0,-2,1
519,323.987,0.0183,-17,0,0,-2,1
520,323.987,0.0091,-16,0,0,-2,1
521,323.987,-0.0091,-17,0,0,-2,1
522,323.987,0,-16,0,0,-2,1
523,323.987,-0.0091,-16,0,0,-2,1
524,323.987,-0.0061,-16,0,0,-2,1
525,323.987,0.003,-16,0,0,-2,1
526,323.987,0.0061,-16,0,0,-2,1
527,323.987,0.0061,-16,0,0,-2,1
528,323.987,0.0061,-16,0,0,-2,1
529,323.987,0.0152,-16,0,0,-2,1
530,323.987,0.0061,-16,0,0,-2,1
531,323.986,-0.0061,-16,0,0,-2,1
532,323.987,0,-15,0,0,-2,1
533,323.986,-0.0396,-15,0,0,-2,1
534,323.986,0.1126,-15,0,0,-2,1
535,323.987,-0.0061,-15,0,0,-2,1
536,323.987,-0.0061,-15,0,0,-2,1
537,323.987,-0.0183,-15,0,0,-2,1
538,323.987,0.0426,-15,0,0,-2,1
539,323.987,0.1339,-14,0,0,-2,1
540,323.987,-0.0335,-15,0,0,-2,1
541,323.987,0.0304,-14,0,0,-2,1
542,323.987,0.0091,-15,0,0,-2,1
543,323.987,-0.0426,-14,0,0,-2,1
544,323.99,-0.1765,-14,0,0,-2,1
545,323.991,0.0213,-14,0,0,-2,1
546,323.993,-0.3225,-12,0,0,-2,1
547,324.027,-0.642,-2,0,0,0,1
548,324.049,0.0061,-5,0,0,0,1
549,324.048,-0.003,-4,0,0,0,1
550,324.048,0.0091,-3,0,0,0,1
551,324.052,-1.2141,6,0,0,1,1
552,324.134,-2.4221,28,0,0,4,1
553,324.221,-3.4111,41,0,0,7,1
554,324.401,-5.6476,94,0,0,16,1
555,324.662,-6.9256,141,0,0,24,1
556,324.898,-6.5239,171,0,0,30,1
557,325.121,-4.613,212,0,0,37,1
558,325.303,-3.8218,226,0,0,39,1
559,325.415,-5.109,268,0,0,47,1
560,325.573,-2.9851,291,0,0,51,1
561,325.668,-2.7873,310,0,0,54,1
562,325.75,-3.1646,338,0,0,59,1
563,325.888,-4.2965,387,0,0,68,1
564,326.026,-0.5386,415,0,0,73,1
565,326.036,-0.1187,422,0,0,74,1
566,326.035,-0.0456,443,0,0,77,1
567,326.033,-0.0578,470,0,0,82,1
568,326.032,0.3925,502,0,0,88,1
569,326.001,1.2597,523,0,0,92,1
570,325.94,2.9394,535,0,0,94,1
571,325.79,7.6559,512,0,0,90,1
572,325.541,3.2285,525,0,0,92,1
573,325.457,4.9203,530,0,0,93,1
574,325.205,4.7104,509,0,0,89,1
575,325.062,3.8979,531,0,0,93,1
576,324.779,7.6285,469,0,0,82,1
577,324.645,4.0774,502,0,0,88,1
578,324.493,6.6943,483,0,0,85,1
579,324.315,3.7001,469,0,0,82,1
580,324.213,2.8816,479,0,0,84,1
581,324.108,4.9751,458,0,0,80,1
582,323.922,3.4506,438,0,0,77,1
583,323.852,2.3978,442,0,0,77,1
584,323.799,1.2384,446,0,0,78,1
585,323.745,2.4708,430,0,0,75,1
586,323.675,1.0711,425,0,0,74,1
587,323.66,0.2586,431,0,0,75,1
588,323.644,0.8946,420,0,0,73,1
589,323.612,0.8581,411,0,0,72,1
590,323.589,1.2932,404,0,0,71,1
591,323.545,0.0335,399,0,0,70,1
592,323.544,0.0517,394,0,0,69,1
593,323.543,0.003,389,0,0,68,1
594,323.543,0.0122,383,0,0,67,1
595,323.543,0.003,378,0,0,66,1
596,323.543,-0.0152,373,0,0,65,1
597,323.543,0.003,369,0,0,64,1
598,323.544,-0.003,363,0,0,63,1
599,323.544,-0.003,355,0,0,62,1
600,323.544,0,349,0,0,61,1
601,323.544,0,342,0,0,60,1
602,323.544,-0.0061,336,0,0,59,1
603,323.544,0,330,0,0,58,1
604,323.544,0,325,0,0,57,1
605,323.544,-0.0335,319,0,0,56,1
606,323.545,-0.0335,314,0,0,55,1
607,323.546,-0.0304,309,0,0,54,1
608,323.549,-0.1126,304,0,0,53,1
609,323.552,-0.0913,299,0,0,52,1
610,323.561,-0.4686,297,0,0,52,1
611,323.58,-1.1898,298,0,0,52,1
612,323.671,-3.6545,321,0,0,56,1
613,323.757,-3.052,328,0,0,57,1
614,323.842,-1.3267,323,0,0,56,1
615,323.871,-0.4747,314,0,0,55,1
616,323.897,-1.0893,320,0,0,56,1
617,323.931,-0.1187,317,0,0,55,1
618,323.956,-0.7972,324,0,0,57,1
619,323.991,-0.8885,327,0,0,57,1
620,324.012,-0.0852,325,0,0,57,1
621,324.016,-0.1065,325,0,0,57,1
622,324.02,-0.003,326,0,0,57,1
623,324.019,0,327,0,0,57,1
624,324.019,0,328,0,0,57,1
625,324.019,-0.0061,328,0,0,57,1
626,324.019,-0.0122,329,0,0,57,1
627,324.019,0,329,0,0,57,1
628,324.018,0.0122,330,0,0,58,1
629,324.018,-0.0122,331,0,0,58,1
630,324.018,0,331,0,0,58,1
631,324.018,0,332,0,0,58,1
632,324.018,0.0061,332,0,0,58,1
633,324.018,0.0061,332,0,0,58,1
634,324.018,0.0091,333,0,0,58,1
635,324.017,0.0183,333,0,0,58,1
636,324.017,0.0152,334,0,0,58,1
637,324.017,0.0061,334,0,0,58,1
638,324.017,0.0091,335,0,0,58,1
639,324.017,0.0213,335,0,0,58,1
640,324.016,0.003,336,0,0,59,1
641,324.016,0.0061,336,0,0,59,1
642,324.016,0.0335,336,0,0,59,1
643,324.015,0.0091,337,0,0,59,1
644,324.015,0.0061,337,0,0,59,1
645,324.015,0.0213,338,0,0,59,1
646,324.014,0.0396,338,0,0,59,1
647,324.013,0.0183,338,0,0,59,1
648,324.009,0.143,337,0,0,59,1
649,324.003,0.1308,337,0,0,59,1
650,323.995,0.2282,336,0,0,59,1
651,323.983,0.4077,333,0,0,58,1
652,323.965,0.1461,333,0,0,58,1
653,323.959,0.1004,333,0,0,58,1
654,323.956,0.143,332,0,0,58,1
655,323.953,0.1674,331,0,0,58,1
656,323.947,0.0578,331,0,0,58,1
657,323.946,0.0213,331,0,0,58,1
658,323.946,0.0122,330,0,0,58,1
659,323.945,0.0183,329,0,0,57,1
660,323.945,0.0122,329,0,0,57,1
661,323.944,0.0304,329,0,0,57,1
662,323.944,-0.003,328,0,0,57,1
663,323.944,0.0091,328,0,0,57,1
664,323.944,0,327,0,0,57,1
665,323.944,0,327,0,0,57,1
666,323.942,0.1765,325,0,0,57,1
667,323.937,0.3073,323,0,0,56,1
668,323.923,0.5568,319,0,0,56,1
669,323.897,0.3286,315,0,0,55,1
670,323.892,0.1248,317,0,0,55,1
671,323.886,-0.0183,315,0,0,55,1
672,323.886,-0.003,314,0,0,55,1
673,323.885,0.0487,312,0,0,54,1
674,323.881,0.5599,307,0,0,54,1
675,323.858,0.3256,303,0,0,53,1
676,323.842,0.5994,298,0,0,52,1
677,323.826,0.5568,295,0,0,51,1
678,323.796,0.4777,288,0,0,50,1
679,323.782,0.3986,286,0,0,50,1
680,323.771,0.6177,279,0,0,49,1
681,323.751,0.2069,278,0,0,48,1
682,323.741,0.7242,272,0,0,47,1
683,323.71,0.922,261,0,0,45,1
684,323.659,1.7314,246,0,0,43,1
685,323.621,1.9018,238,0,0,41,1
686,323.552,1.6645,226,0,0,39,1
687,323.487,2.0661,210,0,0,36,1
688,323.415,1.8744,197,0,0,34,1
689,323.382,2.0083,189,0,0,33,1
690,323.277,2.5134,162,0,0,28,1
691,323.17,2.3065,139,0,0,24,1
692,323.091,1.1593,125,0,0,22,1
693,323.054,0.2495,115,0,0,20,1
694,323.051,-0.0061,107,0,0,18,1
695,323.051,-0.0122,96,0,0,16,1
696,323.051,-0.0091,88,0,0,15,1
697,323.051,-0.0061,77,0,0,13,1
698,323.052,-0.0396,68,0,0,11,1
699,323.053,-0.0183,55,0,0,9,1
700,323.056,-0.1004,34,0,0,5,1
701,323.064,-0.4686,21,0,0,3,1
702,323.112,-2.0022,22,0,0,3,1
703,323.203,-2.3095,22,0,0,3,1
704,323.296,-2.3704,24,0,0,4,1
705,323.384,-2.5925,26,0,0,4,1
706,323.472,-2.6625,29,0,0,5,1
707,323.566,-2.5347,33,0,0,5,1
708,323.675,-2.1696,37,0,0,6,1
709,323.73,-1.987,39,0,0,6,1
710,323.8,-1.7527,42,0,0,7,1
711,323.854,-1.4727,44,0,0,7,1
712,323.907,-1.3236,46,0,0,8,1
713,323.944,-1.4332,50,0,0,8,1
714,323.995,-1.1228,55,0,0,9,1
715,324.027,-0.7638,56,0,0,9,1
716,324.052,-0.6147,58,0,0,10,1
717,324.073,-0.286,59,0,0,10,1
718,324.08,-0.1126,59,0,0,10,1
719,324.083,-0.1035,60,0,0,10,1
720,324.085,-0.003,61,0,0,10,1
721,324.085,-0.0061,62,0,0,10,1
722,324.085,0.0091,64,0,0,11,1
723,324.085,-0.003,65,0,0,11,1
724,324.085,-0.0091,66,0,0,11,1
725,324.085,0,67,0,0,11,1
726,324.084,0.0091,68,0,0,11,1
727,324.084,0,69,0,0,12,1
728,324.083,0.0213,71,0,0,12,1
729,324.083,0.003,72,0,0,12,1
730,324.082,0.0274,74,0,0,13,1
731,324.08,0.0578,74,0,0,13,1
732,324.078,0.0913,75,0,0,13,1
733,324.074,0.1065,76,0,0,13,1
734,324.07,0.2221,76,0,0,13,1
735,324.063,0.2769,76,0,0,13,1
736,324.055,0.2586,76,0,0,13,1
737,324.046,0.3043,75,0,0,13,1
738,324.035,0.3134,75,0,0,13,1
739,324.026,0.3256,74,0,0,13,1
740,324.014,0.3225,73,0,0,12,1
741,323.99,0.4777,70,0,0,12,1
742,323.961,0.5234,66,0,0,11,1
743,323.939,0.5203,63,0,0,11,1
744,323.922,0.3408,62,0,0,10,1
745,323.91,0.3651,60,0,0,10,1
746,323.895,0.423,57,0,0,10,1
747,323.881,0.3925,54,0,0,9,1
748,323.866,0.213,52,0,0,9,1
749,323.861,0.1734,51,0,0,8,1
750,323.856,0.1004,50,0,0,8,1
751,323.854,0.0274,49,0,0,8,1
752,323.853,0.003,47,0,0,8,1
753,323.853,0.0122,46,0,0,8,1
754,323.853,-0.003,44,0,0,7,1
755,323.853,-0.0091,43,0,0,7,1
756,323.853,0.0122,41,0,0,7,1
757,323.853,-0.003,39,0,0,6,1
758,323.853,0,38,0,0,6,1
759,323.853,0.003,36,0,0,6,1
760,323.854,-0.0091,34,0,0,5,1
761,323.854,-0.0061,31,0,0,5,1
762,323.854,-0.0091,29,0,0,5,1
763,323.854,-0.0061,28,0,0,4,1
764,323.855,-0.0061,26,0,0,4,1
765,323.855,-0.0243,24,0,0,4,1
766,323.856,-0.0122,23,0,0,4,1
767,323.856,-0.0152,22,0,0,3,1
768,323.857,-0.0243,20,0,0,3,1
769,323.858,-0.0183,19,0,0,3,1
770,323.859,-0.0274,18,0,0,3,1
771,323.861,-0.0791,16,0,0,2,1
772,323.863,-0.0974,15,0,0,2,1
773,323.866,-0.0943,14,0,0,2,1
774,323.874,-0.2373,14,0,0,2,1
775,323.879,-0.2434,14,0,0,2,1
776,323.889,-0.2921,14,0,0,2,1
777,323.898,-0.2982,15,0,0,2,1
778,323.909,-0.2647,14,0,0,2,1
779,323.919,-0.2921,14,0,0,2,1
780,323.935,-0.2465,15,0,0,2,1
781,323.942,-0.2373,15,0,0,2,1
782,323.952,-0.1674,15,0,0,2,1
783,323.956,-0.1004,15,0,0,2,1
784,323.959,-0.0609,15,0,0,2,1
785,323.961,-0.0335,14,0,0,2,1
786,323.962,-0.0365,14,0,0,2,1
787,323.963,-0.0122,14,0,0,2,1
788,323.963,-0.0091,14,0,0,2,1
789,323.964,-0.0365,14,0,0,2,1
790,323.967,-0.1035,14,0,0,2,1
791,323.97,-0.0974,14,0,0,2,1
792,323.972,-0.0669,15,0,0,2,1
793,323.974,-0.0456,14,0,0,2,1
794,323.975,-0.0517,15,0,0,2,1
795,323.977,-0.0456,15,0,0,2,1
796,323.979,-0.0609,15,0,0,2,1
797,323.983,-0.07,16,0,0,2,1
798,323.986,-0.1004,16,0,0,2,1
799,323.989,-0.1643,17,0,0,2,1
800,323.996,-0.3286,19,0,0,3,1
801,324.009,-0.569,23,0,0,4,1
802,324.033,-1.0254,28,0,0,4,1
803,324.085,-1.6918,40,0,0,7,1
804,324.144,-2.1757,53,0,0,9,1
805,324.241,-2.5925,70,0,0,12,1
806,324.338,-2.2,82,0,0,14,1
807,324.402,-1.7253,92,0,0,16,1
808,324.46,-0.5629,99,0,0,17,1
809,324.483,0.003,107,0,0,18,1
810,324.482,0.0061,116,0,0,20,1
811,324.482,0.0152,123,0,0,21,1
812,324.481,0.0243,133,0,0,23,1
813,324.48,0.0122,139,0,0,24,1
814,324.48,0,146,0,0,25,1
815,324.48,0,151,0,0,26,1
816,324.48,0,162,0,0,28,1
817,324.479,0.0304,168,0,0,29,1
818,324.478,0.0639,173,0,0,30,1
819,324.475,0.1339,179,0,0,31,1
820,324.461,0.4412,184,0,0,32,1
821,324.424,1.1472,184,0,0,32,1
822,324.399,1.2628,183,0,0,32,1
823,324.349,1.0863,185,0,0,32,1
824,324.305,0.9068,187,0,0,32,1
825,324.28,0.7942,188,0,0,33,1
826,324.263,0.5629,190,0,0,33,1
827,324.246,0.1947,196,0,0,34,1
828,324.241,0.073,200,0,0,35,1
829,324.24,0,214,0,0,37,1
830,324.241,-0.0274,220,0,0,38,1
831,324.242,-0.0335,223,0,0,39,1
832,324.243,-0.0456,228,0,0,40,1
833,324.247,-0.2404,233,0,0,41,1
834,324.254,-0.2952,237,0,0,41,1
835,324.264,-0.2647,242,0,0,42,1
836,324.271,-0.3347,246,0,0,43,1
837,324.283,-0.423,251,0,0,44,1
838,324.307,-0.7272,261,0,0,45,1
839,324.322,-0.2465,263,0,0,46,1
840,324.326,-0.003,265,0,0,46,1
841,324.328,-0.1613,272,0,0,47,1
842,324.333,-0.0243,276,0,0,48,1
843,324.333,-0.0213,279,0,0,49,1
844,324.335,-0.0183,284,0,0,49,1
845,324.335,0.003,288,0,0,50,1
846,324.335,-0.003,292,0,0,51,1
847,324.335,0,297,0,0,52,1
848,324.335,0,300,0,0,52,1
849,324.335,-0.003,305,0,0,53,1
850,324.335,0.0183,309,0,0,54,1
851,324.335,0.0091,313,0,0,55,1
852,324.334,0,317,0,0,55,1
853,324.334,0.0091,320,0,0,56,1
854,324.334,0.0243,324,0,0,57,1
855,324.334,0.0365,327,0,0,57,1
856,324.333,0.0243,330,0,0,58,1
857,324.332,0.0365,336,0,0,59,1
858,324.329,0.1704,341,0,0,60,1
859,324.319,0.4595,342,0,0,60,1
860,324.306,0.3804,344,0,0,60,1
861,324.296,0.1765,349,0,0,61,1
862,324.281,0.7242,349,0,0,61,1
863,324.247,1.0254,346,0,0,60,1
864,324.207,1.6279,344,0,0,60,1
865,324.121,2.629,327,0,0,57,1
866,324.016,4.2539,307,0,0,54,1
867,323.892,3.268,294,0,0,51,1
868,323.836,2.0144,297,0,0,52,1
869,323.773,1.9718,291,0,0,51,1
870,323.708,1.6705,282,0,0,49,1
871,323.646,1.3328,275,0,0,48,1
872,323.584,1.2871,261,0,0,45,1
873,323.558,0.6664,260,0,0,45,1
874,323.544,0.0304,259,0,0,45,1
875,323.543,0,253,0,0,44,1
876,323.543,0.0091,248,0,0,43,1
877,323.543,-0.0061,242,0,0,42,1
878,323.543,-0.0122,237,0,0,41,1
879,323.543,0.0061,232,0,0,40,1
880,323.543,-0.0061,224,0,0,39,1
881,323.543,0.003,218,0,0,38,1
882,323.543,-0.0061,209,0,0,36,1
883,323.543,-0.0213,206,0,0,36,1
884,323.544,-0.0122,200,0,0,35,1
885,323.545,-0.0335,196,0,0,34,1
886,323.546,-0.0822,191,0,0,33,1
887,323.55,-0.1734,186,0,0,32,1
888,323.558,-0.5934,185,0,0,32,1
889,323.593,-0.7516,183,0,0,32,1
890,323.621,-1.4575,186,0,0,32,1
891,323.736,-2.2243,200,0,0,35,1
892,323.887,-1.205,204,0,0,35,1
893,323.926,-0.7059,204,0,0,35,1
894,323.965,-1.1806,210,0,0,36,1
895,324.023,-0.7851,216,0,0,38,1
896,324.05,-0.7638,217,0,0,38,1
897,324.094,-1.0772,227,0,0,39,1
898,324.123,-0.9463,231,0,0,40,1
899,324.151,-0.7942,234,0,0,41,1
900,324.178,-0.2282,236,0,0,41,1
901,324.182,-0.0091,236,0,0,41,1
902,324.182,-0.0304,238,0,0,41,1
903,324.183,-0.0091,241,0,0,42,1
904,324.183,-0.0061,243,0,0,42,1
905,324.183,0.0091,246,0,0,43,1
906,324.182,0.0091,249,0,0,43,1
907,324.182,0.0152,252,0,0,44,1
908,324.181,0.0396,254,0,0,44,1
909,324.181,-0.0122,256,0,0,45,1
910,324.18,0.003,259,0,0,45,1
911,324.18,0.0061,262,0,0,46,1
912,324.18,-0.0122,263,0,0,46,1
913,324.18,0.003,266,0,0,46,1
914,324.18,0.0061,268,0,0,47,1
915,324.18,0.0061,271,0,0,47,1
916,324.179,0.0152,273,0,0,48,1
917,324.179,0.0061,276,0,0,48,1
918,324.178,0.0152,278,0,0,48,1
919,324.177,0.0578,280,0,0,49,1
920,324.176,0.07,281,0,0,49,1
921,324.173,0.0761,284,0,0,49,1
922,324.17,0.1856,286,0,0,50,1
923,324.163,0.4047,285,0,0,50,1
924,324.149,0.2982,286,0,0,50,1
925,324.137,0.3651,287,0,0,50,1
926,324.126,0.5477,286,0,0,50,1
927,324.104,0.7516,284,0,0,49,1
928,324.084,0.8581,282,0,0,49,1
929,324.059,0.6999,281,0,0,49,1
930,324.039,0.7668,280,0,0,49,1
931,324.017,0.5386,278,0,0,48,1
932,323.997,0.3986,278,0,0,48,1
933,323.983,0.143,278,0,0,48,1
934,323.981,0.0426,279,0,0,49,1
935,323.98,0.003,279,0,0,49,1
936,323.979,0.0487,280,0,0,49,1
937,323.977,0.0213,279,0,0,49,1
938,323.976,0.0304,279,0,0,49,1
939,323.975,0.0122,279,0,0,49,1
940,323.974,0.0183,279,0,0,49,1
941,323.974,0.0122,279,0,0,49,1
942,323.974,0.0061,279,0,0,49,1
943,323.973,0.0304,278,0,0,48,1
944,323.972,0.0456,278,0,0,48,1
945,323.97,0.0852,277,0,0,48,1
946,323.966,0.2008,276,0,0,48,1
947,323.961,0.0639,276,0,0,48,1
948,323.96,0.0213,276,0,0,48,1
949,323.959,-0.0061,276,0,0,48,1
950,323.959,0.0243,276,0,0,48,1
951,323.958,0.0456,275,0,0,48,1
952,323.957,0,275,0,0,48,1
953,323.957,0.0061,275,0,0,48,1
954,323.957,0.0091,274,0,0,48,1
955,323.957,-0.0152,274,0,0,48,1
956,323.957,0.0061,274,0,0,48,1
957,323.957,0,274,0,0,48,1
958,323.957,0.0061,273,0,0,48,1
959,323.957,0,273,0,0,48,1
960,323.957,-0.0122,273,0,0,48,1
961,323.957,-0.0183,272,0,0,47,1
962,323.957,-0.0183,272,0,0,47,1
963,323.957,0.0091,272,0,0,47,1
964,323.957,0.0091,271,0,0,47,1
965,323.957,-0.003,271,0,0,47,1
966,323.957,-0.0091,271,0,0,47,1
967,323.957,0.0183,270,0,0,47,1
968,323.957,0.0761,270,0,0,47,1
969,323.954,0.3225,268,0,0,47,1
970,323.936,0.925,261,0,0,45,1
971,323.905,0.7181,257,0,0,45,1
972,323.884,0.6086,255,0,0,44,1
973,323.862,1.0072,250,0,0,44,1
974,323.84,1.5579,243,0,0,42,1
975,323.766,3.9253,216,0,0,38,1
976,323.636,5.4437,184,0,0,32,1
977,323.483,5.8849,159,0,0,27,1
978,323.247,6.2744,123,0,0,21,1
979,323.02,4.6982,92,0,0,16,1
980,322.887,2.6534,81,0,0,14,1
981,322.82,1.3115,73,0,0,12,1
982,322.789,0.2647,65,0,0,11,1
983,322.786,-0.0243,55,0,0,9,1
984,322.788,-0.1004,34,0,0,5,1
985,322.793,-0.2465,20,0,0,3,1
986,322.81,-1.0011,9,0,0,1,1
987,322.866,-1.5945,2,0,0,0,1
988,322.957,-2.2609,-3,0,0,0,1
989,323.078,-3.0794,-1,0,0,0,1
990,323.22,-2.8907,0,0,0,0,1
991,323.28,-2.2639,-1,0,0,0,1
992,323.377,-2.3461,-4,0,0,0,1
993,323.466,-2.3461,-2,0,0,0,1
994,323.537,-2.2639,2,0,0,0,1
995,323.606,-1.8835,1,0,0,0,1
996,323.661,-1.7131,3,0,0,0,1
997,323.709,-1.3754,2,0,0,0,1
998,323.753,-1.0924,1,0,0,0,1
999,323.78,-1.0985,1,0,0,0,1
1000,323.818,-1.0863,4,0,0,0,1
1001,323.852,-0.7242,3,0,0,0,1
1002,323.875,-0.7485,4,0,0,0,1
1003,323.896,-0.852,6,0,0,1,1
1004,323.928,-0.849,8,0,0,1,1
1005,323.964,-0.9372,13,0,0,2,1
1006,323.988,-0.9068,15,0,0,2,1
1007,324.015,-0.5203,16,0,0,2,1
1008,324.028,-0.2373,16,0,0,2,1
1009,324.034,-0.1582,16,0,0,2,1
1010,324.038,-0.0091,16,0,0,2,1
1011,324.038,0.003,17,0,0,2,1
1012,324.038,-0.0091,17,0,0,2,1
1013,324.038,-0.003,18,0,0,3,1
1014,324.038,0.0061,19,0,0,3,1
1015,324.038,0.0091,20,0,0,3,1
1016,324.038,0.0122,21,0,0,3,1
1017,324.038,0.003,22,0,0,3,1
1018,324.037,0.0152,22,0,0,3,1
1019,324.037,0.0152,23,0,0,4,1
1020,324.036,0.0091,24,0,0,4,1
1021,324.035,0.0243,24,0,0,4,1
1022,324.035,0.0122,25,0,0,4,1
1023,324.034,0.0122,26,0,0,4,1
1024,324.034,0.0304,26,0,0,4,1
1025,324.033,0.0122,27,0,0,4,1
1026,324.033,0.0152,27,0,0,4,1
1027,324.031,0.0396,27,0,0,4,1
1028,324.03,0.0517,28,0,0,4,1
1029,324.028,0.0913,28,0,0,4,1
1030,324.025,0.1065,28,0,0,4,1
1031,324.02,0.1126,28,0,0,4,1
1032,324.018,0.0822,28,0,0,4,1
1033,324.015,0.0578,29,0,0,5,1
1034,324.013,0.0183,29,0,0,5,1
1035,324.013,0.0152,30,0,0,5,1
1036,324.012,0.0243,30,0,0,5,1
1037,324.011,0.0456,30,0,0,5,1
1038,324.009,0.1187,30,0,0,5,1
1039,324.005,0.0882,29,0,0,5,1
1040,324.002,0.0365,30,0,0,5,1
1041,324.001,0.0061,31,0,0,5,1
1042,324.001,0,31,0,0,5,1
1043,324.001,0,31,0,0,5,1
1044,324.001,0.003,31,0,0,5,1
1045,324.001,0.003,32,0,0,5,1
1046,324.001,0.0152,32,0,0,5,1
1047,324,0.0122,32,0,0,5,1
1048,324,0.0061,32,0,0,5,1
1049,324,0.0183,32,0,0,5,1
1050,324,0.003,32,0,0,5,1
1051,324,0.003,32,0,0,5,1
1052,323.999,0.0061,33,0,0,5,1
1053,323.999,-0.003,33,0,0,5,1
1054,323.999,-0.003,33,0,0,5,1
1055,323.999,0,34,0,0,5,1
1056,323.999,0,34,0,0,5,1
1057,323.999,0.0091,34,0,0,5,1
1058,323.999,-0.003,34,0,0,5,1
1059,323.999,-0.0061,35,0,0,6,1
1060,323.999,0.003,35,0,0,6,1
1061,323.999,0.0061,35,0,0,6,1
1062,323.999,0.003,35,0,0,6,1
1063,323.999,-0.0122,35,0,0,6,1
1064,323.999,-0.0061,36,0,0,6,1
1065,323.999,0.0091,36,0,0,6,1
1066,323.998,0.0122,36,0,0,6,1
1067,323.997,0.0183,36,0,0,6,1
1068,323.997,0.0183,36,0,0,6,1
1069,323.996,0.0091,36,0,0,6,1
1070,323.996,-0.0061,37,0,0,6,1
1071,323.996,0.0122,37,0,0,6,1
1072,323.996,0.0091,37,0,0,6,1
1073,323.996,0.0091,37,0,0,6,1
1074,323.996,0.003,37,0,0,6,1
1075,323.996,0.0122,38,0,0,6,1
1076,323.995,0.0091,38,0,0,6,1
1077,323.994,0.0548,38,0,0,6,1
1078,323.992,0.0852,37,0,0,6,1
1079,323.99,0.1004,37,0,0,6,1
1080,323.987,0.1004,37,0,0,6,1
1081,323.984,0.0639,36,0,0,6,1
1082,323.982,0.07,36,0,0,6,1
1083,323.98,0.0913,36,0,0,6,1
1084,323.977,0.0852,35,0,0,6,1
1085,323.974,0.0335,35,0,0,6,1
1086,323.974,0.0183,36,0,0,6,1
1087,323.973,0.0274,35,0,0,6,1
1088,323.971,0.0152,35,0,0,6,1
1089,323.971,0.0213,35,0,0,6,1
1090,323.97,0.0183,35,0,0,6,1
1091,323.97,0.0122,35,0,0,6,1
1092,323.97,0.0122,35,0,0,6,1
1093,323.97,-0.0091,35,0,0,6,1
1094,323.97,0,35,0,0,6,1
1095,323.97,0.0061,34,0,0,5,1
1096,323.971,0.003,34,0,0,5,1
1097,323.971,-0.0091,34,0,0,5,1
1098,323.971,0.003,34,0,0,5,1
1099,323.971,-0.003,34,0,0,5,1
1100,323.971,0.0061,34,0,0,5,1
1101,323.971,0,34,0,0,5,1
1102,323.971,-0.0152,34,0,0,5,1
1103,323.971,-0.003,33,0,0,5,1
1104,323.971,0.003,33,0,0,5,1
1105,323.971,0.003,33,0,0,5,1
1106,323.971,-0.003,33,0,0,5,1
1107,323.971,-0.0122,33,0,0,5,1
1108,323.971,-0.0061,33,0,0,5,1
1109,323.971,0.0122,33,0,0,5,1
1110,323.971,-0.0091,32,0,0,5,1
1111,323.971,-0.0152,33,0,0,5,1
1112,323.971,-0.0091,33,0,0,5,1
1113,323.972,-0.0091,33,0,0,5,1
1114,323.972,-0.0122,32,0,0,5,1
1115,323.973,-0.0152,32,0,0,5,1
1116,323.973,-0.0243,32,0,0,5,1
1117,323.974,0,32,0,0,5,1
1118,323.974,-0.0061,32,0,0,5,1
1119,323.974,0.0183,32,0,0,5,1
1120,323.974,-0.003,32,0,0,5,1
1121,323.974,0.003,32,0,0,5,1
1122,323.974,-0.0183,31,0,0,5,1
1123,323.974,-0.003,32,0,0,5,1
1124,323.975,-0.0213,32,0,0,5,1
1125,323.977,-0.143,33,0,0,5,1
1126,323.984,-0.3925,35,0,0,6,1
1127,323.998,-0.852,40,0,0,7,1
1128,324.038,-1.8409,51,0,0,8,1
1129,324.087,-2.5225,64,0,0,11,1
1130,324.206,-3.7823,88,0,0,15,1
1131,324.333,-4.4791,111,0,0,19,1
1132,324.469,-4.473,132,0,0,23,1
1133,324.592,-4.2478,150,0,0,26,1
1134,324.73,-2.7568,165,0,0,29,1
1135,324.815,-2.3126,177,0,0,31,1
1136,324.901,-1.3176,195,0,0,34,1
1137,324.929,-0.2495,201,0,0,35,1
1138,324.935,0.003,212,0,0,37,1
1139,324.935,0.0335,222,0,0,39,1
1140,324.934,0.0152,231,0,0,40,1
1141,324.932,0.1126,244,0,0,42,1
1142,324.926,0.5447,252,0,0,44,1
1143,324.871,2.7934,246,0,0,43,1
1144,324.774,3.2072,238,0,0,41,1
1145,324.661,2.3095,244,0,0,42,1
1146,324.584,2.8116,240,0,0,42,1
1147,324.467,3.7671,229,0,0,40,1
1148,324.344,3.6514,218,0,0,38,1
1149,324.248,2.8573,216,0,0,38,1
1150,324.15,3.2437,207,0,0,36,1
1151,324.076,3.3441,199,0,0,35,1
1152,323.974,2.769,190,0,0,33,1
1153,323.892,1.564,191,0,0,33,1
1154,323.858,0.499,194,0,0,34,1
1155,323.851,0.003,198,0,0,34,1
1156,323.851,-0.0091,196,0,0,34,1
1157,323.852,-0.0487,195,0,0,34,1
1158,323.854,-0.1065,194,0,0,34,1
1159,323.858,-0.14,193,0,0,33,1
1160,323.87,-0.2313,193,0,0,33,1
1161,323.875,-0.0365,190,0,0,33,1
1162,323.876,-0.0943,190,0,0,33,1
1163,323.882,-0.2404,191,0,0,33,1
1164,323.888,-0.1521,189,0,0,33,1
1165,323.892,-0.1795,189,0,0,33,1
1166,323.898,-0.2373,189,0,0,33,1
1167,323.905,-0.1187,189,0,0,33,1
1168,323.907,-0.0183,187,0,0,32,1
1169,323.91,-0.1613,187,0,0,32,1
1170,323.914,-0.1947,187,0,0,32,1
1171,323.92,-0.1856,188,0,0,33,1
1172,323.927,-0.1582,187,0,0,32,1
1173,323.931,-0.1856,188,0,0,33,1
1174,323.936,-0.1278,187,0,0,32,1
1175,323.942,-0.426,188,0,0,33,1
1176,323.963,-0.712,193,0,0,33,1
1177,323.979,-0.569,194,0,0,34,1
1178,323.995,-0.4473,195,0,0,34,1
1179,324.007,-0.5325,197,0,0,34,1
1180,324.024,-0.4017,199,0,0,35,1
1181,324.034,-0.3073,199,0,0,35,1
1182,324.046,-0.6238,203,0,0,35,1
1183,324.069,-0.7729,208,0,0,36,1
1184,324.089,-0.3864,209,0,0,36,1
1185,324.109,-0.8459,217,0,0,38,1
1186,324.133,-0.2495,218,0,0,38,1
1187,324.139,-0.1613,217,0,0,38,1
1188,324.152,-0.4929,225,0,0,39,1
1189,324.162,-0.0456,224,0,0,39,1
1190,324.163,-0.0304,226,0,0,39,1
1191,324.164,0.0152,229,0,0,40,1
1192,324.164,0.0061,231,0,0,40,1
1193,324.164,-0.0274,233,0,0,41,1
1194,324.164,0.0061,235,0,0,41,1
1195,324.164,0.003,237,0,0,41,1
1196,324.164,0,240,0,0,42,1
1197,324.164,-0.003,242,0,0,42,1
1198,324.164,0.0183,244,0,0,42,1
1199,324.164,0,246,0,0,43,1
1200,324.164,0.0061,249,0,0,43,1
1201,324.163,-0.003,250,0,0,44,1
1202,324.163,0.0122,253,0,0,44,1
1203,324.163,0.0061,255,0,0,44,1
1204,324.163,-0.003,256,0,0,45,1
1205,324.163,0.0091,259,0,0,45,1
1206,324.162,0.0061,262,0,0,46,1
1207,324.162,0,264,0,0,46,1
1208,324.162,0.0183,267,0,0,46,1
1209,324.162,0.0091,271,0,0,47,1
1210,324.161,0.0213,273,0,0,48,1
1211,324.161,0.0335,274,0,0,48,1
1212,324.16,0.0304,277,0,0,48,1
1213,324.159,0.0335,278,0,0,48,1
1214,324.158,0.0183,280,0,0,49,1
1215,324.158,0.0274,282,0,0,49,1
1216,324.156,0.0578,284,0,0,49,1
1217,324.152,0.1369,285,0,0,50,1
1218,324.145,0.353,285,0,0,50,1
1219,324.129,0.5051,285,0,0,50,1
1220,324.107,0.7698,281,0,0,49,1
1221,324.028,0.9007,276,0,0,48,1
1222,323.983,0.3225,272,0,0,47,1
1223,323.936,0.2952,270,0,0,47,1
1224,323.925,0.3743,267,0,0,46,1
1225,323.917,0.3895,265,0,0,46,1
1226,323.904,0.1978,264,0,0,46,1
1227,323.897,0.1369,263,0,0,46,1
1228,323.892,0.0669,262,0,0,46,1
1229,323.891,0.0152,260,0,0,45,1
1230,323.89,-0.0091,259,0,0,45,1
1231,323.89,0,258,0,0,45,1
1232,323.891,0.0122,256,0,0,45,1
1233,323.891,-0.0122,255,0,0,44,1
1234,323.892,0,253,0,0,44,1
1235,323.892,-0.003,252,0,0,44,1
1236,323.892,-0.0304,250,0,0,44,1
1237,323.893,-0.0061,249,0,0,43,1
1238,323.893,-0.0304,248,0,0,43,1
1239,323.894,-0.0335,247,0,0,43,1
1240,323.895,-0.0152,246,0,0,43,1
1241,323.897,-0.1035,245,0,0,43,1
1242,323.903,-0.0152,244,0,0,42,1
1243,323.903,-0.0913,243,0,0,42,1
1244,323.907,-0.1552,243,0,0,42,1
1245,323.911,-0.1065,243,0,0,42,1
1246,323.913,-0.0487,241,0,0,42,1
1247,323.917,-0.0609,241,0,0,42,1
1248,323.918,-0.0304,240,0,0,42,1
1249,323.924,-0.3347,242,0,0,42,1
1250,323.934,-0.0913,240,0,0,42,1
1251,323.948,-0.5051,244,0,0,42,1
1252,323.963,-0.2465,244,0,0,42,1
1253,323.97,-0.3499,244,0,0,42,1
1254,323.983,-0.7485,249,0,0,43,1
1255,324.012,-0.5842,252,0,0,44,1
1256,324.025,-0.3165,252,0,0,44,1
1257,324.047,-0.5934,257,0,0,45,1
1258,324.063,-0.2373,257,0,0,45,1
1259,324.069,-0.2739,258,0,0,45,1
1260,324.075,-0.0243,259,0,0,45,1
1261,324.076,0.0152,260,0,0,45,1
1262,324.076,0.0183,261,0,0,45,1
1263,324.075,0.0061,262,0,0,46,1
1264,324.075,0.0335,263,0,0,46,1
1265,324.074,0.0183,264,0,0,46,1
1266,324.073,0.0122,265,0,0,46,1
1267,324.073,0.0426,266,0,0,46,1
1268,324.072,0.0213,267,0,0,46,1
1269,324.071,0,268,0,0,47,1
1270,324.072,-0.003,269,0,0,47,1
1271,324.072,0.0091,270,0,0,47,1
1272,324.072,0,272,0,0,47,1
1273,324.072,0.0122,272,0,0,47,1
1274,324.072,0.0243,273,0,0,48,1
1275,324.07,0.0548,274,0,0,48,1
1276,324.065,0.3104,274,0,0,48,1
1277,324.042,0.925,268,0,0,47,1
1278,323.998,1.2932,260,0,0,45,1
1279,323.951,1.1685,255,0,0,44,1
1280,323.923,0.636,255,0,0,44,1
1281,323.894,1.068,250,0,0,44,1
1282,323.837,1.631,237,0,0,41,1
1283,323.747,2.9911,215,0,0,37,1
1284,323.629,3.901,190,0,0,33,1
1285,323.507,3.4354,173,0,0,30,1
1286,323.413,2.2152,167,0,0,29,1
1287,323.342,1.9109,156,0,0,27,1
1288,323.273,1.6127,140,0,0,24,1
1289,323.234,1.3693,132,0,0,23,1
1290,323.19,1.0741,120,0,0,21,1
1291,323.158,0.4382,108,0,0,19,1
1292,323.147,0.0943,99,0,0,17,1
1293,323.145,0.0335,91,0,0,16,1
1294,323.145,-0.0183,80,0,0,14,1
1295,323.145,-0.0152,70,0,0,12,1
1296,323.146,-0.0243,62,0,0,10,1
1297,323.146,-0.0304,54,0,0,9,1
1298,323.147,-0.0456,43,0,0,7,1
1299,323.149,-0.0852,37,0,0,6,1
1300,323.152,-0.1461,29,0,0,5,1
1301,323.16,-0.4138,20,0,0,3,1
1302,323.174,-0.6999,15,0,0,2,1
1303,323.2,-0.855,10,0,0,1,1
1304,323.233,-0.9524,4,0,0,0,1
1305,323.274,-1.2232,1,0,0,0,1
1306,323.306,-1.3449,-2,0,0,0,1
1307,323.346,-1.4332,-4,0,0,0,1
1308,323.394,-1.5884,-5,0,0,0,1
1309,323.426,-1.5245,-6,0,0,-1,1
1310,323.482,-1.5975,-6,0,0,-1,1
1311,323.563,-1.6827,-4,0,0,0,1
1312,323.623,-1.6797,-3,0,0,0,1
1313,323.681,-1.4454,-1,0,0,0,1
1314,323.728,-1.1015,-3,0,0,0,1
1315,323.766,-0.925,-4,0,0,0,1
1316,323.79,-0.995,-2,0,0,0,1
1317,323.824,-0.9768,-1,0,0,0,1
1318,323.85,-0.9129,0,0,0,0,1
1319,323.875,-0.9098,1,0,0,0,1
1320,323.9,-0.9281,4,0,0,0,1
1321,323.939,-0.922,7,0,0,1,1
1322,323.971,-0.7242,8,0,0,1,1
1323,323.986,-0.5721,9,0,0,1,1
1324,324.006,-0.496,11,0,0,1,1
1325,324.023,-0.3591,12,0,0,2,1
1326,324.036,-0.1248,13,0,0,2,1
1327,324.038,-0.0183,13,0,0,2,1
1328,324.039,0.003,13,0,0,2,1
1329,324.039,-0.003,14,0,0,2,1
1330,324.039,0.0061,14,0,0,2,1
1331,324.039,0,15,0,0,2,1
1332,324.039,-0.0122,16,0,0,2,1
1333,324.039,0.0091,17,0,0,2,1
1334,324.039,-0.003,17,0,0,2,1
1335,324.039,-0.0061,18,0,0,3,1
1336,324.039,0.0091,19,0,0,3,1
1337,324.039,0.0061,20,0,0,3,1
1338,324.039,-0.003,21,0,0,3,1
1339,324.039,0.003,21,0,0,3,1
1340,324.039,0.0122,22,0,0,3,1
1341,324.039,0,22,0,0,3,1
1342,324.039,-0.003,23,0,0,4,1
1343,324.039,0.0183,24,0,0,4,1
1344,324.038,0,24,0,0,4,1
1345,324.038,0.003,25,0,0,4,1
1346,324.038,0.0122,26,0,0,4,1
1347,324.038,0.003,27,0,0,4,1
1348,324.037,0.0061,27,0,0,4,1
1349,324.037,0.003,28,0,0,4,1
1350,324.037,-0.003,29,0,0,5,1
1351,324.037,0.0091,30,0,0,5,1
1352,324.036,0.003,31,0,0,5,1
1353,324.035,0.0183,32,0,0,5,1
1354,324.035,0.0122,32,0,0,5,1
1355,324.035,0.0213,33,0,0,5,1
1356,324.034,0.0091,33,0,0,5,1
1357,324.034,0.0243,34,0,0,5,1
1358,324.033,0.0213,35,0,0,6,1
1359,324.031,0.0122,36,0,0,6,1
1360,324.03,0.0152,36,0,0,6,1
1361,324.029,0.0274,37,0,0,6,1
1362,324.028,0.07,37,0,0,6,1
1363,324.026,0.0548,38,0,0,6,1
1364,324.024,0.0426,38,0,0,6,1
1365,324.022,0.0669,38,0,0,6,1
1366,324.02,0.1095,38,0,0,6,1
1367,324.015,0.1887,37,0,0,6,1
1368,324.007,0.1521,37,0,0,6,1
1369,324.002,0.1035,37,0,0,6,1
1370,323.999,0.1217,37,0,0,6,1
1371,323.992,0.2069,36,0,0,6,1
1372,323.982,0.2373,35,0,0,6,1
1373,323.975,0.2039,34,0,0,5,1
1374,323.961,0.1278,33,0,0,5,1
1375,323.955,0.1278,32,0,0,5,1
1376,323.95,0.1187,31,0,0,5,1
1377,323.947,0.0943,31,0,0,5,1
1378,323.944,0.0669,30,0,0,5,1
1379,323.942,0.0426,29,0,0,5,1
1380,323.941,0.0517,29,0,0,5,1
1381,323.939,0.0152,29,0,0,5,1
1382,323.939,-0.003,28,0,0,4,1
1383,323.939,0.0152,28,0,0,4,1
1384,323.938,0.0061,27,0,0,4,1
1385,323.938,0.0061,26,0,0,4,1
1386,323.938,0.0183,26,0,0,4,1
1387,323.938,0.003,25,0,0,4,1
1388,323.938,0.0061,25,0,0,4,1
1389,323.937,-0.0061,24,0,0,4,1
1390,323.938,-0.003,24,0,0,4,1
1391,323.938,0,23,0,0,4,1
1392,323.938,-0.0213,22,0,0,3,1
1393,323.938,-0.0061,22,0,0,3,1
1394,323.938,0.0122,21,0,0,3,1
1395,323.938,0.0122,21,0,0,3,1
1396,323.938,0.0061,21,0,0,3,1
1397,323.938,-0.0152,20,0,0,3,1
1398,323.939,-0.0183,19,0,0,3,1
1399,323.939,-0.003,19,0,0,3,1
1400,323.94,-0.0213,18,0,0,3,1
1401,323.94,-0.0183,18,0,0,3,1
1402,323.941,-0.0304,17,0,0,2,1
1403,323.942,-0.0396,16,0,0,2,1
1404,323.945,-0.0548,16,0,0,2,1
1405,323.947,-0.0091,16,0,0,2,1
1406,323.947,0.003,15,0,0,2,1
1407,323.947,0.003,15,0,0,2,1
1408,323.947,0.0091,14,0,0,2,1
1409,323.947,0.003,14,0,0,2,1
1410,323.947,-0.0091,14,0,0,2,1
1411,323.947,-0.0091,13,0,0,2,1
1412,323.947,-0.0122,13,0,0,2,1
1413,323.948,-0.0152,13,0,0,2,1
1414,323.95,-0.1582,13,0,0,2,1
1415,323.959,-0.2678,15,0,0,2,1
1416,323.969,-0.3956,16,0,0,2,1
1417,323.979,-0.5021,18,0,0,3,1
1418,324.001,-0.6877,22,0,0,3,1
1419,324.028,-0.9433,27,0,0,4,1
1420,324.095,-1.3602,40,0,0,7,1
1421,324.222,-1.4514,61,0,0,10,1
1422,324.315,-1.6888,79,0,0,13,1
1423,324.408,-2.2426,103,0,0,18,1
1424,324.603,-1.5427,137,0,0,24,1
1425,324.678,-0.849,151,0,0,26,1
1426,324.725,-0.353,172,0,0,30,1
1427,324.738,0.0091,180,0,0,31,1
1428,324.737,0.0243,200,0,0,35,1
1429,324.736,0.0122,209,0,0,36,1
1430,324.735,0.0304,219,0,0,38,1
1431,324.735,0.0578,226,0,0,39,1
1432,324.73,0.143,236,0,0,41,1
1433,324.726,0.0548,253,0,0,44,1
1434,324.719,0.4503,262,0,0,46,1
1435,324.698,1.1441,263,0,0,46,1
1436,324.658,2.6138,259,0,0,45,1
1437,324.224,1.8896,237,0,0,41,1
1438,324.138,1.3054,235,0,0,41,1
1439,324.072,1.701,230,0,0,40,1
1440,323.988,1.777,218,0,0,38,1
1441,323.918,1.2445,214,0,0,37,1
1442,323.885,0.1765,218,0,0,38,1
1443,323.88,0.1461,218,0,0,38,1
1444,323.873,0.213,215,0,0,37,1
1445,323.866,0.3195,212,0,0,37,1
1446,323.844,0.2039,206,0,0,36,1
1447,323.838,0.0609,205,0,0,36,1
1448,323.836,0.0061,202,0,0,35,1
1449,323.836,-0.0061,200,0,0,35,1
1450,323.836,0,198,0,0,34,1
1451,323.836,-0.003,196,0,0,34,1
1452,323.837,-0.0122,194,0,0,34,1
1453,323.837,-0.0243,193,0,0,33,1
1454,323.838,-0.0213,191,0,0,33,1
1455,323.839,-0.0791,190,0,0,33,1
1456,323.842,-0.0548,188,0,0,33,1
1457,323.844,-0.1187,186,0,0,32,1
1458,323.849,-0.3956,187,0,0,32,1
1459,323.866,-0.5173,189,0,0,33,1
1460,323.88,-0.3651,189,0,0,33,1
1461,323.89,-0.3043,188,0,0,33,1
1462,323.908,-0.5447,190,0,0,33,1
1463,323.939,-0.8733,195,0,0,34,1
1464,323.968,-0.8855,199,0,0,35,1
1465,324.003,-1.0498,203,0,0,35,1
1466,324.043,-0.8672,208,0,0,36,1
1467,324.068,-0.3804,208,0,0,36,1
1468,324.077,-0.0578,207,0,0,36,1
1469,324.077,0.0183,208,0,0,36,1
1470,324.077,0.0091,209,0,0,36,1
1471,324.077,0.0091,210,0,0,36,1
1472,324.077,0.0152,211,0,0,37,1
1473,324.076,0.0183,213,0,0,37,1
1474,324.076,0.0061,214,0,0,37,1
1475,324.076,0.0091,215,0,0,37,1
1476,324.076,0.0122,216,0,0,38,1
1477,324.075,-0.0274,217,0,0,38,1
1478,324.075,0.0122,219,0,0,38,1
1479,324.075,0.0061,220,0,0,38,1
1480,324.075,0,221,0,0,38,1
1481,324.075,0.003,223,0,0,39,1
1482,324.074,0.0061,224,0,0,39,1
1483,324.074,0,225,0,0,39,1
1484,324.074,0.0122,226,0,0,39,1
1485,324.074,0.003,228,0,0,40,1
1486,324.074,-0.0061,229,0,0,40,1
1487,324.074,0.0061,231,0,0,40,1
1488,324.074,-0.0061,232,0,0,40,1
1489,324.074,-0.0122,234,0,0,41,1
1490,324.074,-0.0061,235,0,0,41,1
1491,324.074,-0.0243,236,0,0,41,1
1492,324.074,-0.0061,237,0,0,41,1
1493,324.074,-0.0122,238,0,0,41,1
1494,324.075,-0.0122,240,0,0,42,1
1495,324.075,0.0061,241,0,0,42,1
1496,324.075,0,243,0,0,42,1
1497,324.075,0,244,0,0,42,1
1498,324.075,0.0091,245,0,0,43,1
1499,324.075,-0.003,246,0,0,43,1
1500,324.075,-0.003,248,0,0,43,1
1501,324.075,-0.003,249,0,0,43,1
1502,324.075,0.0304,250,0,0,44,1
1503,324.074,0.0152,251,0,0,44,1
1504,324.075,0,252,0,0,44,1
1505,324.075,0.0091,253,0,0,44,1
1506,324.074,0,254,0,0,44,1
1507,324.074,0.0183,255,0,0,44,1
1508,324.074,0.0122,256,0,0,45,1
1509,324.073,-0.0061,257,0,0,45,1
1510,324.073,0.0213,258,0,0,45,1
1511,324.073,0.0456,259,0,0,45,1
1512,324.07,0.0974,259,0,0,45,1
1513,324.067,0.003,261,0,0,45,1
1514,324.067,0.0061,262,0,0,46,1
1515,324.067,0.0091,263,0,0,46,1
1516,324.066,0.0487,264,0,0,46,1
1517,324.064,0.0365,264,0,0,46,1
1518,324.063,0.0274,265,0,0,46,1
1519,324.062,0.0609,267,0,0,46,1
1520,324.059,0.1095,267,0,0,46,1
1521,324.057,0.0669,268,0,0,47,1
1522,324.055,0.073,269,0,0,47,1
1523,324.051,0.2252,268,0,0,47,1
1524,324.038,0.5873,265,0,0,46,1
1525,324.02,0.213,266,0,0,46,1
1526,324.015,0.0791,267,0,0,46,1
1527,324.012,0.143,267,0,0,46,1
1528,324.002,0.5082,264,0,0,46,1
1529,323.981,0.6025,260,0,0,45,1
1530,323.964,0.21,261,0,0,45,1
1531,323.954,0.6329,256,0,0,45,1
1532,323.924,0.6786,252,0,0,44,1
1533,323.903,0.3743,251,0,0,44,1
1534,323.894,0.1978,251,0,0,44,1
1535,323.887,0.3469,248,0,0,43,1
1536,323.875,0.3499,245,0,0,43,1
1537,323.868,0.1856,244,0,0,42,1
1538,323.864,0.0882,244,0,0,42,1
1539,323.862,0.0152,243,0,0,42,1
1540,323.862,0,242,0,0,42,1
1541,323.862,0.0061,241,0,0,42,1
1542,323.863,-0.0122,239,0,0,42,1
1543,323.863,-0.0396,238,0,0,41,1
1544,323.864,-0.0274,237,0,0,41,1
1545,323.865,0.003,235,0,0,41,1
1546,323.865,-0.0243,234,0,0,41,1
1547,323.866,-0.0578,233,0,0,41,1
1548,323.868,-0.0335,232,0,0,40,1
1549,323.871,-0.1978,231,0,0,40,1
1550,323.88,-0.2586,231,0,0,40,1
1551,323.899,-0.0396,230,0,0,40,1
1552,323.9,-0.0426,228,0,0,40,1
1553,323.902,-0.0061,227,0,0,39,1
1554,323.902,0,226,0,0,39,1
1555,323.901,0.0274,225,0,0,39,1
1556,323.9,0.0396,224,0,0,39,1
1557,323.9,0.0426,223,0,0,39,1
1558,323.898,0.0639,221,0,0,38,1
1559,323.894,0.1582,219,0,0,38,1
1560,323.885,0.4473,215,0,0,37,1
1561,323.865,0.9981,207,0,0,36,1
1562,323.822,1.3906,198,0,0,34,1
1563,323.788,1.9961,189,0,0,33,1
1564,323.708,2.6747,172,0,0,30,1
1565,323.61,3.2346,151,0,0,26,1
1566,323.539,3.0672,141,0,0,24,1
1567,323.409,2.0844,122,0,0,21,1
1568,323.295,1.9322,102,0,0,17,1
1569,323.201,1.5153,80,0,0,14,1
1570,323.136,0.3104,63,0,0,11,1
1571,323.125,0.0152,55,0,0,9,1
1572,323.127,-0.0487,32,0,0,5,1
1573,323.128,-0.0487,25,0,0,4,1
1574,323.129,-0.0761,15,0,0,2,1
1575,323.132,-0.1187,5,0,0,0,1
1576,323.14,-0.4321,-4,0,0,0,1
1577,323.154,-0.7759,-7,0,0,-1,1
1578,323.18,-1.0528,-11,0,0,-1,1
1579,323.207,-1.3206,-13,0,0,-2,1
1580,323.249,-1.3784,-16,0,0,-2,1
1581,323.3,-1.5701,-19,0,0,-3,1
1582,323.346,-1.6858,-20,0,0,-3,1
1583,323.406,-1.7253,-19,0,0,-3,1
1584,323.448,-1.6797,-21,0,0,-3,1
1585,323.504,-1.8379,-20,0,0,-3,1
1586,323.546,-1.7527,-19,0,0,-3,1
1587,323.656,-1.7405,-17,0,0,-2,1
1588,323.722,-1.3906,-15,0,0,-2,1
1589,323.793,-1.2111,-14,0,0,-2,1
1590,323.828,-1.0711,-13,0,0,-2,1
1591,323.86,-0.7942,-13,0,0,-2,1
1592,323.89,-0.8064,-12,0,0,-2,1
1593,323.916,-0.7029,-10,0,0,-1,1
1594,323.94,-0.5234,-10,0,0,-1,1
1595,323.957,-0.3773,-10,0,0,-1,1
1596,323.965,-0.2769,-10,0,0,-1,1
1597,323.972,-0.1613,-10,0,0,-1,1
1598,323.976,-0.1187,-10,0,0,-1,1
1599,323.979,-0.0974,-10,0,0,-1,1
1600,323.982,-0.0913,-10,0,0,-1,1
1601,323.985,-0.0913,-9,0,0,-1,1
1602,323.988,-0.1035,-9,0,0,-1,1
1603,323.992,-0.143,-8,0,0,-1,1
1604,323.996,-0.0791,-8,0,0,-1,1
1605,323.997,-0.0487,-8,0,0,-1,1
1606,323.998,-0.0061,-8,0,0,-1,1
1607,323.998,-0.0061,-7,0,0,-1,1
1608,323.999,-0.0091,-7,0,0,-1,1
1609,323.999,-0.0091,-7,0,0,-1,1
1610,323.999,-0.0152,-7,0,0,-1,1
1611,323.999,0,-7,0,0,-1,1
1612,323.999,-0.0122,-6,0,0,-1,1
1613,323.999,0.0091,-6,0,0,-1,1
1614,323.999,0.003,-6,0,0,-1,1
1615,323.999,0,-6,0,0,-1,1
1616,324,0.0061,-5,0,0,0,1
1617,324,-0.003,-5,0,0,0,1
1618,324,-0.0335,-5,0,0,0,1
1619,324.001,-0.0335,-5,0,0,0,1
1620,324.001,-0.0122,-4,0,0,0,1
1621,324.002,-0.003,-4,0,0,0,1
1622,324.002,-0.0091,-4,0,0,0,1
1623,324.002,-0.0152,-3,0,0,0,1
1624,324.003,-0.0091,-3,0,0,0,1
1625,324.003,-0.003,-2,0,0,0,1
1626,324.003,-0.003,-2,0,0,0,1
1627,324.003,-0.0091,-2,0,0,0,1
1628,324.003,0.0122,-1,0,0,0,1
1629,324.002,0.0091,-1,0,0,0,1
1630,324.002,-0.0091,-1,0,0,0,1
1631,324.002,0,0,0,0,0,1
1632,324.002,0,0,0,0,0,1
1633,324.002,-0.0061,0,0,0,0,1
1634,324.002,0.0061,0,0,0,0,1
1635,324.002,0,1,0,0,0,1
1636,324.002,-0.003,1,0,0,0,1
1637,324.002,0.003,1,0,0,0,1
1638,324.002,0,2,0,0,0,1
1639,324.002,-0.003,2,0,0,0,1
1640,324.002,0.0091,2,0,0,0,1
1641,324.002,0.003,3,0,0,0,1
1642,324.002,0.003,3,0,0,0,1
1643,324.002,0,3,0,0,0,1
1644,324.002,-0.0061,3,0,0,0,1
1645,324.002,0.0122,4,0,0,0,1
1646,324.002,0.0061,4,0,0,0,1
1647,324.002,0,4,0,0,0,1
1648,324.002,0.003,5,0,0,0,1
1649,324.002,-0.0061,5,0,0,0,1
1650,324.002,0.0091,5,0,0,0,1
1651,324.002,-0.003,5,0,0,0,1
1652,324.002,-0.003,5,0,0,0,1
1653,324.002,0.0061,6,0,0,1,1
1654,324.002,-0.003,6,0,0,1,1
1655,324.002,0.0061,7,0,0,1,1
1656,324.001,-0.0061,7,0,0,1,1
1657,324.001,-0.003,8,0,0,1,1
1658,324.001,0.0152,8,0,0,1,1
1659,324.002,-0.003,8,0,0,1,1
1660,324.001,0,9,0,0,1,1
1661,324.002,0.0122,10,0,0,1,1
1662,324.002,-0.003,10,0,0,1,1
1663,324.002,0.0122,10,0,0,1,1
1664,324.002,0.003,11,0,0,1,1
1665,324.001,-0.0061,11,0,0,1,1
1666,324.002,-0.003,11,0,0,1,1
1667,324.001,0,12,0,0,2,1
1668,324.001,-0.0061,12,0,0,2,1
1669,324.001,0.003,12,0,0,2,1
1670,324.001,0.0091,13,0,0,2,1
1671,324.002,0.0122,14,0,0,2,1
1672,324.002,0.0061,15,0,0,2,1
1673,324,-0.0061,18,0,0,3,1
1674,324.001,-0.0122,19,0,0,3,1
1675,324.001,-0.0061,19,0,0,3,1
1676,324.001,0.0061,20,0,0,3,1
1677,324.001,0.003,20,0,0,3,1
1678,324.001,0.003,20,0,0,3,1
1679,324.001,0.0061,20,0,0,3,1
1680,324.001,0.003,21,0,0,3,1
1681,324.001,-0.003,21,0,0,3,1
1682,324.001,-0.003,21,0,0,3,1
1683,324.001,-0.0243,22,0,0,3,1
1684,324.002,-0.1065,22,0,0,3,1
1685,324.006,-0.3804,24,0,0,4,1
1686,324.029,-1.6401,35,0,0,6,1
1687,324.156,-4.7864,75,0,0,13,1
1688,324.253,-5.1668,93,0,0,16,1
1689,324.427,-6.5817,123,0,0,21,1
1690,324.59,-8.0514,159,0,0,27,1
1691,324.853,-6.3079,186,0,0,32,1
1692,325.06,-5.6384,221,0,0,38,1
1693,325.185,-2.8573,222,0,0,39,1
1694,325.257,-1.9961,236,0,0,41,1
1695,325.353,-0.3438,262,0,0,46,1
1696,325.361,-0.1613,270,0,0,47,1
1697,325.362,0.0243,293,0,0,51,1
1698,325.361,0.0426,308,0,0,54,1
1699,325.36,0.0517,317,0,0,55,1
1700,325.356,0.21,334,0,0,58,1
1701,325.34,1.1106,344,0,0,60,1
1702,325.29,2.0813,348,0,0,61,1
1703,325.229,2.5804,347,0,0,61,1
1704,325.162,1.8409,357,0,0,62,1
1705,325.128,1.4697,366,0,0,64,1
1706,325.083,1.9931,372,0,0,65,1
1707,325,3.9101,362,0,0,63,1
1708,324.898,6.1983,342,0,0,60,1
1709,324.715,4.3057,336,0,0,59,1
1710,324.593,3.688,340,0,0,59,1
1711,324.495,4.2235,334,0,0,58,1
1712,324.343,3.6514,321,0,0,56,1
1713,324.27,2.3765,328,0,0,57,1
1714,324.172,4.1657,308,0,0,54,1
1715,323.992,5.6902,276,0,0,48,1
1716,323.849,2.1209,284,0,0,49,1
1717,323.796,1.1441,286,0,0,50,1
1718,323.774,0.0852,292,0,0,51,1
1719,323.773,0,291,0,0,51,1
1720,323.773,-0.003,288,0,0,50,1
1721,323.773,-0.0061,286,0,0,50,1
1722,323.773,-0.0152,284,0,0,49,1
1723,323.774,-0.0061,281,0,0,49,1
1724,323.774,-0.003,279,0,0,49,1
1725,323.774,-0.0243,277,0,0,48,1
1726,323.775,-0.0335,275,0,0,48,1
1727,323.776,-0.003,272,0,0,47,1
1728,323.776,-0.0122,269,0,0,47,1
1729,323.776,-0.0061,267,0,0,46,1
1730,323.777,-0.0152,263,0,0,46,1
1731,323.778,-0.0243,261,0,0,45,1
1732,323.779,-0.0335,259,0,0,45,1
1733,323.78,-0.0183,256,0,0,45,1
1734,323.78,-0.0274,253,0,0,44,1
1735,323.783,-0.1004,251,0,0,44,1
1736,323.801,-0.3712,251,0,0,44,1
1737,323.826,-0.3317,248,0,0,43,1
1738,323.837,-0.3834,249,0,0,43,1
1739,323.851,-0.2586,246,0,0,43,1
1740,323.86,-0.3469,247,0,0,43,1
1741,323.866,-0.2343,246,0,0,43,1
1742,323.875,-0.2891,245,0,0,43,1
1743,323.884,-0.216,245,0,0,43,1
1744,323.89,-0.2373,245,0,0,43,1
1745,323.901,-0.2495,245,0,0,43,1
1746,323.907,-0.3682,246,0,0,43,1
1747,323.921,-0.1674,245,0,0,43,1
1748,323.923,-0.0091,243,0,0,42,1
1749,323.924,-0.073,242,0,0,42,1
1750,323.929,-0.2008,244,0,0,42,1
1751,323.936,-0.1339,243,0,0,42,1
1752,323.939,-0.1643,243,0,0,42,1
1753,323.943,-0.0609,243,0,0,42,1
1754,323.943,-0.003,242,0,0,42,1
1755,323.944,-0.003,241,0,0,42,1
1756,323.944,-0.0061,241,0,0,42,1
1757,323.944,-0.003,240,0,0,42,1
1758,323.944,-0.003,240,0,0,42,1
1759,323.944,0.0152,239,0,0,42,1
1760,323.943,0.0304,238,0,0,41,1
1761,323.942,0.0396,237,0,0,41,1
1762,323.941,0.0578,237,0,0,41,1
1763,323.936,0.1765,235,0,0,41,1
1764,323.914,1.065,225,0,0,39,1
1765,323.875,1.281,217,0,0,38,1
1766,323.829,1.3693,210,0,0,36,1
1767,323.801,1.4423,205,0,0,36,1
1768,323.746,2.3156,191,0,0,33,1
1769,323.686,3.0794,177,0,0,31,1
1770,323.576,4.1109,152,0,0,26,1
1771,323.421,3.5906,131,0,0,23,1
1772,323.349,3.4902,120,0,0,21,1
1773,323.238,3.3745,100,0,0,17,1
1774,323.127,2.4313,82,0,0,14,1
1775,323.07,1.8166,75,0,0,13,1
1776,323.015,0.6512,63,0,0,11,1
1777,323.002,0.1187,57,0,0,10,1
1778,323,-0.0061,47,0,0,8,1
1779,323,-0.0304,37,0,0,6,1
1780,323.002,-0.0456,26,0,0,4,1
1781,323.004,-0.0974,13,0,0,2,1
1782,323.007,-0.1369,3,0,0,0,1
1783,323.016,-0.499,-7,0,0,-1,1
1784,323.038,-0.9828,-11,0,0,-1,1
1785,323.066,-1.3845,-14,0,0,-2,1
1786,323.115,-1.8349,-15,0,0,-2,1
1787,323.194,-1.9718,-18,0,0,-3,1
1788,323.275,-1.8835,-21,0,0,-3,1
1789,323.329,-1.777,-23,0,0,-4,1
1790,323.39,-1.847,-24,0,0,-4,1
1791,323.445,-1.7557,-25,0,0,-4,1
1792,323.494,-1.8501,-25,0,0,-4,1
1793,323.567,-1.5001,-24,0,0,-4,1
1794,323.626,-1.3389,-26,0,0,-4,1
1795,323.675,-1.1319,-27,0,0,-4,1
1796,323.71,-0.8703,-28,0,0,-4,1
1797,323.74,-0.7881,-29,0,0,-5,1
1798,323.772,-0.7668,-29,0,0,-5,1
1799,323.807,-0.8033,-28,0,0,-4,1
1800,323.837,-0.6207,-28,0,0,-4,1
1801,323.865,-0.4838,-29,0,0,-5,1
1802,323.901,-0.496,-27,0,0,-4,1
1803,323.935,-0.2404,-27,0,0,-4,1
1804,323.949,-0.21,-27,0,0,-4,1
1805,323.959,-0.1248,-27,0,0,-4,1
1806,323.966,-0.0913,-27,0,0,-4,1
1807,323.97,-0.0761,-26,0,0,-4,1
1808,323.971,-0.0639,-27,0,0,-4,1
1809,323.974,-0.0578,-27,0,0,-4,1
1810,323.975,-0.0548,-27,0,0,-4,1
1811,323.977,-0.0335,-27,0,0,-4,1
1812,323.978,-0.0213,-26,0,0,-4,1
1813,323.979,-0.0274,-27,0,0,-4,1
1814,323.98,-0.0152,-27,0,0,-4,1
1815,323.981,-0.0152,-26,0,0,-4,1
1816,323.982,-0.0091,-26,0,0,-4,1
1817,323.983,-0.0152,-26,0,0,-4,1
1818,323.983,-0.0061,-26,0,0,-4,1
1819,323.983,-0.003,-26,0,0,-4,1
1820,323.984,-0.0061,-26,0,0,-4,1
1821,323.984,-0.003,-26,0,0,-4,1
1822,323.984,-0.0122,-26,0,0,-4,1
1823,323.984,0,-26,0,0,-4,1
1824,323.985,-0.0091,-25,0,0,-4,1
1825,323.985,-0.0122,-26,0,0,-4,1
1826,323.985,0.0091,-25,0,0,-4,1
1827,323.985,-0.0091,-25,0,0,-4,1
1828,323.986,0.003,-25,0,0,-4,1
1829,323.986,0,-25,0,0,-4,1
1830,323.986,0,-25,0,0,-4,1
1831,323.986,0.003,-25,0,0,-4,1
